id_client,mariee,retraite,a_charge,genre,facture_mensuelle,telephone,plusieurs_numeros,internet,total_factures,contrat,facture_par_mail,type_de_paiement,client_depuis_mois,sortie_client
BRBUU70105,1,0,1,H,24.100,Oui,Yes,Non,1734.650,Two year,0,Credit card (automatic),72,No
YGXVR96889,0,0,0,F,88.150,Oui,No,Fibre,3973.200,Month-to-month,1,Credit card (automatic),44,No
DOJGF92862,1,1,0,F,74.950,Oui,Yes,Fibre,2869.850,Month-to-month,1,Bank transfer (automatic),38,Yes
KERXL69946,0,0,0,H,55.900,Oui,No,ADSL,238.500,Month-to-month,1,Electronic check,4,No
UAESM21813,0,0,0,H,53.450,Oui,No,ADSL,119.500,Month-to-month,0,Electronic check,2,No
GVYNH43124,1,0,0,F,49.850,Non,No phone service,ADSL,3370.200,Two year,1,Bank transfer (automatic),70,No
KZNFB24955,0,0,0,F,90.650,Oui,Yes,Fibre,2989.600,Month-to-month,1,Electronic check,33,No
NHWMM43679,0,0,0,F,24.900,Non,No phone service,ADSL,24.900,Month-to-month,1,Mailed check,1,No
KASCD88988,0,0,0,H,35.550,Non,No phone service,ADSL,1309.150,One year,0,Mailed check,39,No
NCFVO80164,0,1,0,H,116.500,Oui,Yes,Fibre,6382.550,Month-to-month,1,Electronic check,55,No
PHJYZ45789,1,0,1,H,68.750,Oui,No,ADSL,3482.850,One year,1,Electronic check,52,No
MJTFX20912,1,0,1,F,51.200,Non,No phone service,ADSL,1561.500,Month-to-month,0,Credit card (automatic),30,Yes
DJJDL22777,1,1,0,H,99.000,Oui,Yes,Fibre,6017.900,Month-to-month,1,Electronic check,60,No
MORQY25119,1,0,1,H,54.900,Oui,Yes,ADSL,2614.100,One year,0,Bank transfer (automatic),50,No
GJRDG27315,0,0,0,F,109.550,Oui,Yes,Fibre,3608.000,One year,1,Bank transfer (automatic),32,No
EZDKJ17844,1,0,0,H,106.800,Oui,Yes,Fibre,5498.800,One year,1,Bank transfer (automatic),51,No
SJFLM24688,0,0,0,H,74.300,Oui,No,Fibre,74.300,Month-to-month,1,Mailed check,1,No
SQAAU51151,1,0,1,F,25.600,Oui,Yes,Non,1673.400,Two year,1,Bank transfer (automatic),69,No
XPXHZ87085,1,0,1,F,94.200,Oui,Yes,Fibre,4186.300,Month-to-month,1,Electronic check,42,Yes
WZHJF06014,1,0,0,H,46.350,Non,No phone service,ADSL,667.700,Month-to-month,0,Electronic check,14,Yes
TXOAK04631,0,0,1,H,25.600,Oui,Yes,Non,1334.500,Two year,0,Credit card (automatic),52,No
WYDOU46839,1,0,0,H,107.600,Oui,Yes,Fibre,6912.700,Two year,1,Bank transfer (automatic),62,No
PQLGG11667,1,0,1,F,19.550,Oui,No,Non,1463.450,Two year,0,Bank transfer (automatic),72,No
ZBDRN09634,0,0,0,H,96.200,Oui,No,Fibre,3183.400,Month-to-month,1,Electronic check,32,Yes
JTKJF48716,0,1,0,F,69.650,Oui,No,Fibre,69.650,Month-to-month,1,Electronic check,1,Yes
TETGO71733,1,1,0,F,78.500,Oui,Yes,Fibre,5602.250,Two year,0,Bank transfer (automatic),72,No
ORFCL41937,0,1,0,F,45.100,Oui,No,ADSL,45.100,Month-to-month,0,Mailed check,1,Yes
PFYTJ26922,0,0,0,F,25.750,Oui,Yes,Non,25.750,Month-to-month,1,Mailed check,1,No
UAPKZ23696,0,0,0,H,104.100,Oui,Yes,Fibre,541.900,Month-to-month,0,Mailed check,5,Yes
QLVZB51935,0,0,0,H,104.750,Oui,Yes,Fibre,6536.500,Two year,1,Bank transfer (automatic),63,No
DJQHR03799,1,0,1,H,81.350,Oui,No,ADSL,5398.600,Two year,0,Credit card (automatic),67,No
FWVFY46576,1,0,1,F,96.350,Oui,Yes,Fibre,3915.400,Month-to-month,1,Credit card (automatic),40,No
EJQEG06232,0,0,0,H,93.550,Oui,Yes,Fibre,6069.250,One year,0,Electronic check,65,No
TLDLZ16997,1,0,1,F,19.700,Oui,No,Non,301.550,Two year,0,Mailed check,16,No
UYKBC45014,0,1,0,F,69.100,Oui,Yes,ADSL,3255.350,One year,1,Credit card (automatic),46,No
WPEZG81588,0,0,0,H,35.650,Non,No phone service,ADSL,425.100,Month-to-month,1,Electronic check,11,No
EQMWY97325,1,0,0,F,99.400,Oui,No,Fibre,5025.000,Month-to-month,0,Electronic check,49,No
BTKWT10999,1,0,0,F,54.400,Non,No phone service,ADSL,3723.650,One year,1,Electronic check,68,No
TUMEQ48156,0,0,0,F,19.300,Oui,No,Non,185.200,One year,1,Mailed check,10,No
UTSLV64075,0,1,0,F,83.800,Oui,No,Fibre,163.700,Month-to-month,1,Bank transfer (automatic),2,No
NYROU00186,1,0,0,F,68.950,Oui,No,Fibre,351.500,Month-to-month,1,Electronic check,5,No
XJMEX46321,0,0,1,H,62.850,Oui,No,ADSL,3419.500,One year,0,Credit card (automatic),53,No
PHXTF14092,1,1,0,H,110.450,Oui,Yes,Fibre,6077.750,Two year,1,Electronic check,54,No
TNIQA82291,0,0,0,F,45.300,Oui,No,ADSL,196.950,Month-to-month,1,Mailed check,4,Yes
ONKER05299,0,1,0,H,75.650,Oui,Yes,Fibre,1146.650,Month-to-month,0,Electronic check,15,Yes
YDUPJ36753,0,0,0,H,19.850,Oui,No,Non,193.050,Month-to-month,1,Mailed check,10,No
CGXFK44845,0,0,0,F,55.300,Oui,No,ADSL,196.150,Month-to-month,1,Electronic check,3,Yes
EMBNA44436,1,0,0,F,24.750,Oui,Yes,Non,1836.900,Two year,0,Bank transfer (automatic),71,No
DLSHD42802,1,0,0,H,54.750,Oui,No,ADSL,445.850,Month-to-month,1,Mailed check,8,No
AGZNL93003,0,1,0,H,94.000,Oui,Yes,Fibre,94.000,Month-to-month,1,Electronic check,1,Yes
CZANW27898,1,0,1,F,110.300,Oui,Yes,Fibre,6997.300,Two year,0,Bank transfer (automatic),64,No
EETCQ84649,0,0,0,H,18.800,Oui,No,Non,1094.350,Two year,0,Credit card (automatic),57,No
EWTRS72167,1,1,0,F,100.800,Oui,Yes,Fibre,100.800,Month-to-month,1,Electronic check,1,Yes
KAZHE44684,1,1,0,F,60.000,Oui,No,ADSL,1259.350,Month-to-month,1,Electronic check,20,No
ULFNQ86239,0,1,0,F,66.050,Oui,Yes,ADSL,1652.400,Month-to-month,1,Electronic check,26,No
WZPGV93173,0,1,0,F,79.750,Oui,No,Fibre,159.400,Month-to-month,1,Bank transfer (automatic),2,Yes
YRTDV89473,1,0,1,H,94.800,Oui,No,Fibre,3131.550,One year,0,Mailed check,32,No
DKOLC18148,0,0,0,F,25.450,Oui,Yes,Non,134.750,Month-to-month,0,Mailed check,5,No
SBTRN80713,0,0,0,F,111.150,Oui,Yes,Fibre,7737.550,Two year,1,Mailed check,70,No
MLJPN47016,0,0,0,H,55.250,Oui,No,ADSL,1715.650,Month-to-month,1,Electronic check,31,Yes
WNWPJ12051,0,0,0,F,59.500,Oui,No,ADSL,415.950,Month-to-month,1,Mailed check,7,Yes
HDPXZ61582,0,0,0,H,25.350,Non,No phone service,ADSL,25.350,Month-to-month,0,Mailed check,1,No
VLCTZ66836,0,1,0,H,98.550,Oui,Yes,Fibre,1842.800,Month-to-month,1,Electronic check,20,Yes
OWVYD37271,0,0,0,H,61.200,Oui,No,ADSL,2021.200,One year,0,Mailed check,35,No
NAOES08569,0,0,0,H,60.900,Oui,No,ADSL,414.100,Month-to-month,0,Mailed check,6,No
FGDCR05621,1,0,1,F,74.550,Oui,Yes,ADSL,5430.650,Two year,0,Mailed check,72,No
SYCWG09566,0,0,0,F,19.650,Oui,No,Non,244.800,One year,0,Electronic check,13,No
VWCNI22776,0,1,0,F,48.750,Oui,Yes,ADSL,179.850,Month-to-month,0,Mailed check,4,No
LZGQZ34982,1,0,1,H,19.150,Oui,No,Non,1177.050,Two year,1,Mailed check,63,No
MGVPY91358,1,0,0,H,84.700,Oui,No,ADSL,5878.900,Two year,1,Mailed check,69,No
SLMEF38151,0,0,0,F,34.250,Non,No phone service,ADSL,139.350,Month-to-month,0,Mailed check,3,Yes
AILEF89448,1,0,0,H,19.450,Oui,No,Non,340.850,Month-to-month,1,Credit card (automatic),15,No
XKUCC12702,1,0,1,F,19.700,Oui,No,Non,599.250,Two year,0,Mailed check,30,No
SYEUS66335,0,0,0,F,83.200,Oui,No,Fibre,2032.300,Month-to-month,0,Bank transfer (automatic),23,No
GXIUB80759,1,1,0,H,19.850,Oui,No,Non,183.150,One year,0,Credit card (automatic),9,No
NXBNJ60162,0,0,0,H,19.150,Oui,No,Non,638.000,One year,1,Mailed check,35,No
GYWLO93329,1,0,1,F,54.850,Oui,No,ADSL,355.100,Month-to-month,0,Electronic check,6,No
HDUEG32764,0,0,0,F,75.050,Oui,Yes,Fibre,75.050,Month-to-month,1,Mailed check,1,Yes
FBCTL58843,1,0,1,F,25.100,Oui,Yes,Non,1857.850,Two year,0,Bank transfer (automatic),72,No
YPYBV89997,1,0,1,H,84.350,Oui,No,ADSL,3858.050,Two year,1,Mailed check,45,No
VVDMG15221,1,0,1,H,89.750,Oui,No,Fibre,608.800,Month-to-month,1,Electronic check,7,Yes
SOMKO08489,0,0,0,H,48.400,Non,No phone service,ADSL,3442.800,Two year,0,Bank transfer (automatic),70,No
DYMBM16574,1,0,0,H,19.900,Oui,No,Non,1110.050,Two year,0,Credit card (automatic),53,No
EFPNL69236,0,0,0,H,51.750,Oui,Yes,ADSL,201.100,Month-to-month,0,Credit card (automatic),4,Yes
FQSTQ21672,1,0,0,F,92.400,Oui,Yes,ADSL,6786.100,Two year,1,Electronic check,72,No
BHDQG92866,1,0,1,H,45.250,Non,No phone service,ADSL,3139.800,Two year,0,Credit card (automatic),72,No
CBZPL72253,1,1,0,H,94.800,Oui,Yes,Fibre,1563.900,Month-to-month,1,Electronic check,17,No
IYGFG56051,0,0,0,F,69.850,Oui,No,Fibre,515.450,Month-to-month,1,Bank transfer (automatic),7,No
OKBCE68619,0,0,1,F,20.100,Oui,No,Non,221.350,Month-to-month,0,Credit card (automatic),11,Yes
YXDAD75711,0,0,0,F,74.900,Oui,Yes,Fibre,147.150,Month-to-month,0,Credit card (automatic),2,Yes
FNMCI02549,0,0,0,F,109.900,Oui,No,Fibre,7624.200,Two year,1,Electronic check,72,No
FJGLA89818,0,0,1,H,78.000,Oui,Yes,Fibre,851.800,Month-to-month,1,Mailed check,11,No
MYSHR84144,0,1,0,H,91.400,Oui,No,Fibre,449.750,Month-to-month,1,Electronic check,5,Yes
CNFMO92743,1,1,0,H,74.950,Oui,Yes,Fibre,308.700,Month-to-month,0,Electronic check,4,Yes
NFNCH37949,1,0,0,H,50.000,Oui,No,ADSL,1474.900,Month-to-month,1,Mailed check,30,No
RIVOP51581,1,0,1,F,20.900,Oui,No,Non,202.300,Two year,0,Credit card (automatic),11,No
DDVRV11001,1,0,0,H,49.800,Non,No phone service,ADSL,836.350,Month-to-month,1,Mailed check,17,No
BNTHX95224,0,1,0,F,56.250,Non,No phone service,ADSL,1765.950,Month-to-month,1,Electronic check,34,No
IYRBF36777,0,1,0,F,30.400,Non,No phone service,ADSL,78.650,Month-to-month,1,Electronic check,2,Yes
PCARS70097,0,0,1,H,19.100,Oui,No,Non,1001.500,One year,0,Bank transfer (automatic),55,No
ZNGGW82502,0,1,0,F,59.900,Oui,No,ADSL,287.850,Month-to-month,0,Credit card (automatic),5,No
BMLBD09673,1,0,1,F,20.000,Oui,No,Non,196.350,One year,1,Mailed check,11,No
RQHXR75944,0,0,1,F,79.600,Oui,No,Fibre,79.600,Month-to-month,1,Electronic check,1,Yes
SNIZF89666,1,0,0,F,19.450,Oui,No,Non,1303.500,Two year,0,Bank transfer (automatic),70,No
NXZCP72356,0,1,0,H,74.850,Oui,Yes,Fibre,156.400,Month-to-month,1,Mailed check,2,Yes
OAHPZ01226,0,0,0,F,73.850,Oui,Yes,Fibre,511.250,Month-to-month,1,Electronic check,7,Yes
PDTHL78158,0,0,0,H,20.200,Oui,No,Non,684.400,Two year,1,Mailed check,35,No
ZXFOE83311,0,0,0,F,71.100,Oui,Yes,ADSL,4299.200,One year,1,Credit card (automatic),58,No
UPRHR89015,1,0,1,F,109.200,Oui,Yes,Fibre,7711.450,Two year,1,Bank transfer (automatic),72,No
SVYLG35633,1,0,1,H,62.650,Oui,No,ADSL,4375.800,Two year,0,Credit card (automatic),68,No
MXZRA32059,0,0,0,H,59.450,Oui,No,ADSL,1507.000,One year,0,Credit card (automatic),26,No
AKEMH53923,0,0,0,F,45.050,Oui,No,ADSL,523.100,Month-to-month,1,Electronic check,12,No
AAXCB82016,1,0,1,H,60.350,Oui,Yes,ADSL,1404.650,Month-to-month,0,Electronic check,25,No
ELBGL69196,1,1,1,H,114.950,Oui,Yes,Fibre,8196.400,Two year,1,Bank transfer (automatic),72,No
LHVLY50476,0,1,1,H,50.150,Oui,No,ADSL,50.150,Month-to-month,1,Mailed check,1,Yes
FYDIB84045,0,0,0,H,86.650,Oui,Yes,Fibre,2208.750,Month-to-month,1,Credit card (automatic),26,No
TAILE34154,1,0,1,F,65.700,Oui,No,ADSL,134.350,Month-to-month,0,Mailed check,2,Yes
GWENI28195,1,0,1,F,19.900,Oui,No,Non,543.000,One year,0,Mailed check,28,No
HXUGH61647,1,0,1,F,19.850,Oui,No,Non,119.300,Month-to-month,0,Mailed check,6,No
NUHWD50466,1,1,0,F,45.000,Non,No phone service,ADSL,1228.650,Month-to-month,1,Electronic check,29,No
GHRQR01061,0,0,0,H,71.400,Oui,Yes,ADSL,1212.100,Month-to-month,1,Bank transfer (automatic),16,No
XGEJJ83746,1,1,0,H,101.000,Oui,Yes,Fibre,4388.400,Month-to-month,1,Electronic check,43,Yes
KZAAT25462,1,0,0,H,75.400,Oui,No,ADSL,3865.450,One year,1,Mailed check,52,No
NMZYQ75699,1,0,1,F,118.750,Oui,Yes,Fibre,8672.450,Two year,1,Bank transfer (automatic),72,No
DYZQM32792,1,0,1,H,19.450,Oui,No,Non,1378.450,Two year,0,Mailed check,71,No
FIUCA03747,1,0,0,H,20.400,Oui,No,Non,1414.450,Two year,1,Credit card (automatic),65,No
NTNFO37142,0,0,0,F,84.500,Oui,Yes,Fibre,3906.700,Month-to-month,1,Electronic check,49,No
DWKTI87051,0,0,0,H,83.800,Oui,No,Fibre,4331.400,Month-to-month,1,Credit card (automatic),52,No
SMMNX41957,0,0,0,H,20.350,Oui,No,Non,33.200,Month-to-month,0,Mailed check,2,Yes
GFPMB51368,0,0,0,H,89.400,Oui,Yes,Fibre,4869.500,Month-to-month,0,Credit card (automatic),54,No
YHMGA64763,1,0,1,F,76.500,Oui,No,ADSL,1155.600,Month-to-month,0,Bank transfer (automatic),15,No
MJDSB30557,0,0,0,H,24.600,Non,No phone service,ADSL,190.100,Month-to-month,1,Mailed check,9,No
GMHUV75161,1,1,0,H,105.050,Oui,Yes,Fibre,5163.300,Two year,1,Credit card (automatic),50,No
NFXKV59403,1,0,1,H,83.650,Oui,Yes,Fibre,1465.750,Month-to-month,1,Electronic check,19,Yes
YASZG35978,1,1,0,F,104.450,Oui,Yes,Fibre,7349.350,Two year,1,Bank transfer (automatic),70,No
WOVKF37867,1,1,0,F,106.850,Oui,Yes,Fibre,7677.400,One year,1,Bank transfer (automatic),72,No
MLNTI28062,1,1,0,H,105.100,Oui,Yes,Fibre,5376.400,One year,1,Bank transfer (automatic),52,No
DDIHE07992,1,0,1,F,46.300,Oui,No,ADSL,639.450,Month-to-month,0,Electronic check,15,No
PJHDQ99263,1,0,1,F,76.800,Oui,Yes,ADSL,5468.450,Two year,1,Bank transfer (automatic),72,No
GDDSO03342,0,1,0,H,81.350,Oui,Yes,Fibre,233.700,Month-to-month,1,Electronic check,3,Yes
KFUOG23713,0,0,0,H,99.150,Oui,No,Fibre,5720.950,One year,0,Bank transfer (automatic),58,No
JLRJT46349,0,0,0,F,20.350,Oui,No,Non,20.350,Month-to-month,1,Mailed check,1,No
VLQVU58867,1,0,0,H,89.850,Oui,Yes,Fibre,3161.200,Month-to-month,1,Bank transfer (automatic),35,No
ORPIK31943,1,0,1,F,84.400,Oui,Yes,Fibre,4116.150,Month-to-month,1,Bank transfer (automatic),50,Yes
NJXHX60483,1,0,0,H,19.750,Oui,No,Non,899.450,Two year,1,Electronic check,41,No
KSUGX78606,1,0,1,H,64.450,Oui,Yes,ADSL,4720.000,Two year,0,Credit card (automatic),72,No
MXLSX29259,0,0,0,F,68.950,Oui,Yes,ADSL,2038.700,One year,1,Credit card (automatic),30,No
FILNV29331,1,0,1,F,24.400,Non,No phone service,ADSL,36.550,Month-to-month,1,Mailed check,2,Yes
XKCBS77586,0,0,0,H,29.700,Non,No phone service,ADSL,438.250,Month-to-month,1,Electronic check,15,Yes
DNKIV20273,1,0,1,H,58.750,Oui,No,ADSL,2203.100,One year,1,Mailed check,37,No
ERMAN47515,1,0,1,H,75.400,Oui,No,ADSL,5480.250,Two year,1,Bank transfer (automatic),72,No
KDLKN82243,1,0,1,H,25.000,Oui,Yes,Non,1738.900,Two year,0,Bank transfer (automatic),72,No
SKFGK79296,1,0,0,H,114.300,Oui,Yes,Fibre,8244.300,Two year,0,Credit card (automatic),70,No
IBCTI83293,0,0,0,F,19.650,Oui,No,Non,19.650,Month-to-month,0,Mailed check,1,Yes
IBERQ50167,1,0,0,H,84.250,Oui,Yes,Fibre,1968.100,Month-to-month,0,Electronic check,23,No
ZMYXQ54059,0,0,0,F,74.600,Oui,Yes,Fibre,548.900,Month-to-month,1,Credit card (automatic),8,No
TZDMQ78418,0,0,0,H,46.000,Oui,No,ADSL,84.500,Month-to-month,1,Credit card (automatic),2,Yes
CLVZW97541,1,0,1,F,38.850,Non,No phone service,ADSL,1025.150,Month-to-month,0,Credit card (automatic),26,No
XJUME95031,0,0,1,H,19.650,Oui,No,Non,928.400,One year,0,Credit card (automatic),52,No
QEICA32985,1,0,1,F,34.600,Non,No phone service,ADSL,813.450,Two year,0,Mailed check,23,No
LOJKX94206,0,0,0,F,99.100,Oui,No,Fibre,1426.400,Month-to-month,1,Credit card (automatic),15,Yes
JSQEW33917,1,0,0,H,50.150,Oui,No,ADSL,2058.500,Month-to-month,1,Mailed check,40,No
KYYPY49399,0,0,0,H,59.450,Oui,Yes,ADSL,1611.650,Month-to-month,0,Electronic check,27,No
VVFST20618,1,0,0,F,19.500,Oui,No,Non,805.200,Month-to-month,0,Bank transfer (automatic),37,No
YAGIY64806,0,0,0,H,112.200,Oui,No,Fibre,5031.850,One year,0,Credit card (automatic),45,No
IVZHA03303,1,0,0,F,69.950,Oui,No,Fibre,330.150,Month-to-month,0,Electronic check,5,Yes
DFHUF71613,1,0,0,F,23.850,Oui,Yes,Non,1672.100,Two year,0,Mailed check,71,No
TTRXI12609,0,0,0,H,54.300,Oui,No,ADSL,195.300,Month-to-month,0,Electronic check,4,Yes
QSOCG85779,1,0,1,F,20.200,Oui,No,Non,746.050,Two year,1,Mailed check,38,No
JLGJT89639,0,0,1,H,55.900,Oui,No,ADSL,157.550,Month-to-month,0,Mailed check,3,No
FTKHB32669,0,0,0,H,19.150,Oui,No,Non,343.450,Two year,0,Mailed check,17,No
LJADA61225,1,0,1,H,90.150,Oui,Yes,ADSL,6237.050,Two year,1,Credit card (automatic),70,No
YGLWG87102,0,0,0,H,44.900,Oui,No,ADSL,44.900,Month-to-month,1,Mailed check,1,No
HHXJR64632,1,0,1,F,100.500,Oui,Yes,Fibre,7030.650,Two year,0,Bank transfer (automatic),71,No
SYUHJ95766,0,0,0,H,91.150,Oui,Yes,Fibre,3369.250,Month-to-month,1,Electronic check,37,No
LBQVU92896,1,0,0,H,70.150,Oui,Yes,ADSL,4480.700,One year,1,Mailed check,64,No
QPJED22071,1,1,0,F,90.000,Oui,No,Fibre,3371.750,Month-to-month,0,Electronic check,37,No
YNRIO69906,1,0,1,H,108.650,Oui,Yes,Fibre,6937.950,Two year,0,Bank transfer (automatic),65,Yes
WMEMG04896,0,0,1,F,49.450,Oui,No,ADSL,1119.350,One year,1,Electronic check,23,No
UXTKY21896,1,0,0,F,79.200,Oui,Yes,ADSL,1742.750,Month-to-month,1,Electronic check,22,Yes
MXJLL71057,1,1,0,F,60.700,Oui,No,ADSL,1597.400,One year,0,Mailed check,26,No
VBDCG71331,0,0,0,F,79.850,Oui,No,Fibre,2015.350,Month-to-month,1,Bank transfer (automatic),25,Yes
QRGTX99334,1,0,0,F,97.200,Oui,No,Fibre,5611.750,Two year,1,Electronic check,60,No
ELRKD63564,0,0,0,F,95.600,Oui,No,Fibre,95.600,Month-to-month,1,Electronic check,1,Yes
IIQOF21945,1,0,0,F,89.300,Oui,Yes,ADSL,6388.650,Two year,0,Credit card (automatic),71,No
GBATB80638,0,1,0,F,85.250,Oui,Yes,Fibre,2287.250,Month-to-month,1,Electronic check,27,Yes
CTWIH96113,0,0,0,F,89.450,Oui,No,Fibre,240.450,Month-to-month,1,Electronic check,3,Yes
DPYUH35715,1,0,1,H,94.700,Oui,Yes,Fibre,5430.350,One year,1,Credit card (automatic),58,No
QJGJD85196,0,0,0,F,75.350,Oui,No,Fibre,1025.950,Month-to-month,0,Electronic check,14,Yes
NEQVZ58464,1,0,1,H,70.850,Oui,No,ADSL,4973.400,Two year,1,Credit card (automatic),71,No
KOUQO60222,1,0,1,F,29.050,Non,No phone service,ADSL,44.750,Month-to-month,0,Bank transfer (automatic),2,No
BAIAD72056,0,0,0,F,20.600,Oui,No,Non,827.300,Two year,1,Bank transfer (automatic),40,No
BOSMD95746,1,0,1,H,25.400,Oui,Yes,Non,1620.200,Two year,0,Bank transfer (automatic),68,No
TVUQF48843,0,1,0,F,101.300,Oui,Yes,Fibre,5779.600,Two year,0,Credit card (automatic),57,No
GTPCA64393,0,0,0,F,87.250,Oui,Yes,Fibre,3941.700,Month-to-month,1,Electronic check,45,Yes
CAWEX37956,1,0,1,H,116.550,Oui,Yes,Fibre,8152.300,Two year,1,Credit card (automatic),70,No
DPRQE78214,1,0,0,H,107.700,Oui,Yes,Fibre,7320.900,Month-to-month,1,Electronic check,68,No
CLMLV49834,1,0,0,F,102.700,Oui,Yes,Fibre,5138.100,Month-to-month,1,Credit card (automatic),52,No
DAMQP23802,1,0,0,F,115.150,Oui,Yes,Fibre,8349.700,Two year,0,Electronic check,72,No
BFESC75341,0,1,0,H,76.100,Oui,Yes,Fibre,1712.700,Month-to-month,1,Electronic check,24,Yes
FRVEC66958,1,0,1,H,60.400,Oui,No,ADSL,3953.700,Two year,1,Bank transfer (automatic),67,No
HJRDX03616,0,0,0,F,64.350,Non,No phone service,ADSL,4539.600,Two year,0,Credit card (automatic),68,No
VXMJC03546,1,0,1,H,19.600,Oui,No,Non,426.650,Two year,0,Credit card (automatic),23,No
ILWKJ65593,1,0,0,H,49.350,Non,No phone service,ADSL,3515.250,Two year,0,Electronic check,71,Yes
VFOXH98954,0,0,0,F,24.400,Non,No phone service,ADSL,24.400,Month-to-month,0,Mailed check,1,No
BUJHX82297,1,0,1,F,20.500,Oui,No,Non,1500.950,Two year,0,Bank transfer (automatic),71,No
OSWTN44766,1,1,0,H,110.550,Oui,Yes,Fibre,7610.100,One year,1,Mailed check,69,No
UPRYS29953,1,1,0,F,99.200,Oui,No,Fibre,4062.200,One year,1,Credit card (automatic),40,Yes
OLGAQ92089,0,1,0,F,84.950,Oui,No,Fibre,1443.650,Month-to-month,1,Electronic check,18,No
MMETB41242,0,0,0,H,94.650,Oui,Yes,Fibre,2104.550,Month-to-month,1,Credit card (automatic),22,Yes
TLVRW88826,1,0,1,H,39.100,Non,No phone service,ADSL,2779.500,Two year,0,Mailed check,69,No
JIRMN29572,0,1,0,F,84.450,Oui,Yes,Fibre,4959.150,One year,0,Electronic check,62,No
ITDGM36464,0,0,0,F,19.700,Oui,No,Non,1051.900,Two year,0,Bank transfer (automatic),56,No
ZALNP26732,0,0,0,F,19.900,Oui,No,Non,173.150,One year,0,Mailed check,7,No
SKRNR99755,0,0,0,H,18.900,Oui,No,Non,18.900,Month-to-month,0,Mailed check,1,No
UCSHY37249,1,0,1,H,19.550,Oui,No,Non,122.900,Month-to-month,0,Mailed check,6,No
GBZSH02599,0,0,0,H,85.650,Oui,Yes,Fibre,181.500,Month-to-month,1,Electronic check,2,Yes
CTCUS71306,1,1,0,H,54.550,Oui,No,ADSL,825.100,Month-to-month,1,Bank transfer (automatic),16,No
QUDFX81507,0,0,0,H,19.850,Oui,No,Non,51.600,Month-to-month,0,Mailed check,2,No
FFJDS82185,1,0,0,F,86.400,Oui,Yes,ADSL,6058.950,Two year,1,Bank transfer (automatic),72,No
NFJTV82595,1,0,1,F,34.650,Non,No phone service,ADSL,246.600,Month-to-month,0,Mailed check,7,No
FIOIY79091,1,0,1,F,24.850,Non,No phone service,ADSL,434.800,Month-to-month,1,Mailed check,19,No
VOJQL27228,0,0,0,H,105.650,Oui,Yes,Fibre,6903.100,One year,1,Credit card (automatic),64,Yes
BJQGZ05849,0,0,0,F,78.350,Oui,Yes,ADSL,1837.900,Month-to-month,1,Bank transfer (automatic),25,No
VAILE67324,1,0,1,H,85.950,Oui,Yes,ADSL,5931.750,Two year,1,Credit card (automatic),70,No
TPUBN13021,0,0,0,H,19.350,Oui,No,Non,1240.800,Two year,0,Bank transfer (automatic),66,No
PEFPE83803,0,0,1,H,71.650,Oui,No,Fibre,71.650,Month-to-month,1,Electronic check,1,Yes
PWYJJ74028,1,0,0,F,91.150,Oui,Yes,Fibre,4862.500,One year,1,Electronic check,53,No
FDVOU42501,0,0,0,F,56.250,Oui,No,ADSL,389.100,Month-to-month,0,Electronic check,6,Yes
CPXKI91285,0,0,0,F,95.800,Oui,No,Fibre,5655.450,Two year,0,Electronic check,59,No
WCSEP41831,0,0,0,H,78.450,Oui,No,Fibre,2435.150,Month-to-month,1,Electronic check,31,Yes
SWRVG04042,0,0,0,H,74.400,Oui,Yes,Fibre,229.550,Month-to-month,1,Electronic check,3,Yes
HWPWX62272,0,0,1,F,69.000,Oui,No,Fibre,994.800,Month-to-month,0,Bank transfer (automatic),15,Yes
VXWXM18992,0,0,0,H,106.100,Oui,Yes,Fibre,5082.800,One year,1,Credit card (automatic),48,Yes
JOVAH84501,1,0,1,H,56.700,Oui,Yes,ADSL,113.550,Month-to-month,0,Mailed check,2,Yes
VBOFE45508,1,1,0,H,102.950,Oui,Yes,Fibre,7101.500,Month-to-month,1,Electronic check,70,Yes
CQJSU95465,0,0,0,F,91.400,Oui,Yes,Fibre,193.600,Month-to-month,1,Electronic check,2,Yes
KWMXN47896,1,0,0,H,110.850,Oui,Yes,Fibre,5275.800,One year,1,Credit card (automatic),47,Yes
DUUIQ08356,0,0,1,F,21.050,Oui,No,Non,531.550,One year,0,Bank transfer (automatic),24,No
AGAWH18554,1,0,0,H,93.800,Oui,No,Fibre,2939.800,One year,1,Electronic check,31,No
YEXQJ90796,0,0,0,F,111.100,Oui,Yes,Fibre,6014.850,Month-to-month,0,Electronic check,54,Yes
AMVUX35779,0,0,0,H,55.050,Oui,No,ADSL,55.050,Month-to-month,0,Mailed check,1,No
ESMLS23162,1,0,1,F,33.150,Non,No phone service,ADSL,444.750,One year,0,Credit card (automatic),12,No
SXNHE94261,0,0,0,F,18.750,Oui,No,Non,53.150,Month-to-month,0,Bank transfer (automatic),2,No
XSXUQ85501,1,0,0,H,70.550,Oui,Yes,ADSL,3420.500,One year,1,Credit card (automatic),48,No
DRCLG07237,1,1,0,F,74.450,Oui,Yes,Fibre,74.450,Month-to-month,1,Electronic check,1,Yes
OSJUV21765,1,0,0,H,65.150,Oui,Yes,ADSL,4681.750,Two year,0,Bank transfer (automatic),71,No
WESLM01074,0,0,0,H,19.850,Oui,No,Non,19.850,Month-to-month,1,Electronic check,1,Yes
XHBIE86265,0,0,1,H,24.800,Oui,Yes,Non,1424.200,Two year,1,Mailed check,56,No
GWFLE01887,0,0,0,H,20.050,Oui,No,Non,33.700,Month-to-month,0,Mailed check,2,No
QPLTF57748,1,0,1,H,20.350,Oui,No,Non,938.950,One year,1,Mailed check,50,No
PECLO09291,0,1,0,F,89.600,Oui,Yes,Fibre,5538.800,Month-to-month,1,Bank transfer (automatic),63,No
QURRL56966,0,0,0,H,45.050,Oui,No,ADSL,45.050,Month-to-month,1,Mailed check,1,Yes
NZVGJ81247,0,0,0,F,49.250,Non,No phone service,ADSL,255.600,One year,1,Mailed check,6,No
MZLCC41307,0,0,0,F,50.550,Oui,No,ADSL,244.750,Month-to-month,0,Bank transfer (automatic),5,No
SNOJF44896,1,0,1,F,72.250,Oui,Yes,ADSL,2568.550,Month-to-month,0,Electronic check,35,Yes
HPEMB89841,0,0,0,F,118.650,Oui,Yes,Fibre,8477.600,Two year,1,Electronic check,71,No
PIVVU46154,0,0,0,F,66.500,Oui,No,ADSL,2762.750,Two year,0,Credit card (automatic),42,No
HJTXY68481,1,0,0,F,19.450,Oui,No,Non,1208.600,Two year,0,Credit card (automatic),64,No
TFHHJ87576,0,0,0,H,49.800,Oui,No,ADSL,49.800,Month-to-month,1,Credit card (automatic),1,No
JANFB46039,0,0,0,H,69.850,Oui,No,Fibre,69.850,Month-to-month,1,Electronic check,1,Yes
HBFNN85659,1,0,0,H,107.200,Oui,Yes,Fibre,7317.100,One year,1,Credit card (automatic),69,No
WNBTY74224,1,0,0,H,93.350,Oui,Yes,Fibre,3092.000,Month-to-month,1,Electronic check,33,No
UYOOI47121,1,0,1,F,20.000,Oui,No,Non,417.650,Month-to-month,0,Electronic check,20,No
CDXFJ33729,1,0,1,H,24.500,Oui,Yes,Non,343.600,One year,0,Bank transfer (automatic),13,No
WILCI53533,0,0,0,F,56.050,Oui,No,ADSL,1522.650,Month-to-month,0,Electronic check,28,No
AADSA09887,1,0,1,F,80.850,Oui,Yes,ADSL,5824.750,Two year,0,Bank transfer (automatic),72,No
RKSAP82705,0,0,0,H,70.500,Oui,No,Fibre,597.900,Month-to-month,1,Electronic check,9,No
BDFSG59549,0,0,0,F,107.500,Oui,Yes,Fibre,7853.700,Two year,1,Credit card (automatic),72,No
JALQC57927,0,1,0,F,59.850,Oui,Yes,ADSL,3103.250,Two year,0,Bank transfer (automatic),52,No
OUTMO22024,1,0,0,F,60.850,Oui,Yes,ADSL,2003.600,Month-to-month,1,Bank transfer (automatic),34,No
LIHRP90285,1,0,1,H,100.200,Oui,No,Fibre,7209.000,Two year,0,Credit card (automatic),71,No
KPBJQ91502,0,0,0,F,19.650,Oui,No,Non,116.850,Two year,0,Credit card (automatic),6,No
OCTMP40035,1,0,0,F,64.000,Oui,No,ADSL,1910.750,One year,1,Electronic check,31,No
LHDJH87755,1,1,0,F,90.600,Oui,Yes,Fibre,90.600,Month-to-month,1,Electronic check,1,Yes
UAYGJ67701,1,0,1,F,25.250,Oui,Yes,Non,1211.650,Two year,0,Mailed check,49,No
IIWYC75962,0,0,0,F,20.250,Oui,No,Non,538.200,Two year,1,Bank transfer (automatic),27,No
WBJVH08877,1,0,0,F,93.450,Oui,No,Fibre,4872.200,One year,1,Electronic check,53,No
DQLGN88409,1,1,0,F,100.500,Oui,Yes,Fibre,3653.350,Month-to-month,1,Bank transfer (automatic),35,Yes
VONUO84132,0,0,0,H,95.650,Oui,No,Fibre,167.300,Month-to-month,0,Electronic check,2,Yes
PKKZE92813,1,0,0,F,43.950,Non,No phone service,ADSL,2007.850,Month-to-month,1,Electronic check,46,No
PEIZU51867,0,0,0,F,19.250,Oui,No,Non,617.650,Month-to-month,0,Bank transfer (automatic),35,No
YPSAH63399,0,0,0,H,73.800,Oui,No,Fibre,704.300,Month-to-month,1,Electronic check,9,No
EFHVG23248,0,0,0,H,104.400,Oui,Yes,Fibre,6692.650,Two year,1,Bank transfer (automatic),64,No
ZBFQJ19181,0,0,0,F,79.250,Oui,No,Fibre,1111.650,Month-to-month,1,Electronic check,13,Yes
GMKPR69686,0,0,0,F,81.550,Oui,No,Fibre,4509.500,Month-to-month,1,Electronic check,55,No
ICYZQ30624,1,0,1,F,93.800,Oui,Yes,Fibre,4539.350,Month-to-month,1,Electronic check,51,No
FAGXV22336,1,0,1,F,24.300,Oui,Yes,Non,132.250,Month-to-month,1,Mailed check,5,No
PPLPX60174,1,0,1,H,70.450,Oui,No,Fibre,1470.950,Month-to-month,1,Electronic check,20,Yes
FEBTD19828,1,0,1,F,25.600,Oui,Yes,Non,514.750,Two year,1,Credit card (automatic),23,No
IOVQQ97059,1,1,1,H,99.000,Oui,Yes,Fibre,5969.300,One year,0,Electronic check,61,No
CHQJB62882,1,0,1,F,69.950,Oui,No,ADSL,3871.850,Two year,0,Bank transfer (automatic),54,No
TOTBP33159,0,0,0,H,76.000,Oui,Yes,Fibre,1130.850,Month-to-month,1,Mailed check,15,Yes
EGVTU60962,1,0,1,F,24.900,Oui,Yes,Non,1595.500,One year,0,Mailed check,64,No
FTHUR29374,0,0,1,F,64.800,Oui,Yes,ADSL,1166.700,Month-to-month,0,Electronic check,18,No
HBMOS40623,0,0,0,H,103.050,Oui,Yes,Fibre,5364.800,Month-to-month,1,Electronic check,52,No
KDZQY23879,0,0,0,H,20.100,Oui,No,Non,279.500,One year,1,Mailed check,17,No
KNNWG46096,1,0,1,F,19.900,Oui,No,Non,550.100,Two year,0,Mailed check,27,No
WTMPL04098,1,0,0,F,110.650,Oui,Yes,Fibre,6526.650,One year,1,Credit card (automatic),58,No
EJLFL37664,1,0,1,F,109.050,Oui,Yes,Fibre,7508.550,Two year,1,Bank transfer (automatic),68,No
JGKIY42329,0,0,0,H,19.200,Oui,No,Non,19.200,Month-to-month,0,Electronic check,1,No
ZFJSR03349,1,0,0,F,66.050,Oui,Yes,ADSL,3462.100,One year,1,Credit card (automatic),55,No
OIVSP65829,0,0,0,F,45.300,Oui,No,ADSL,45.300,Month-to-month,0,Mailed check,1,No
BOYNW86615,1,0,0,F,84.400,Oui,Yes,ADSL,6096.450,Two year,1,Credit card (automatic),72,No
GAESD42571,0,0,0,F,45.000,Non,No phone service,ADSL,298.700,Month-to-month,0,Credit card (automatic),6,No
CJSHH87855,1,0,0,F,99.800,Oui,Yes,Fibre,5985.750,Month-to-month,1,Electronic check,60,No
CTCWN54693,1,0,1,H,106.000,Oui,Yes,Fibre,6547.700,One year,1,Electronic check,61,Yes
RFSQE28391,0,0,0,F,20.650,Oui,No,Non,38.700,Month-to-month,0,Mailed check,2,Yes
VMUAV48901,0,0,0,H,71.500,Oui,Yes,ADSL,4576.300,One year,0,Electronic check,63,No
SAIGS33659,0,0,0,F,83.550,Oui,No,Fibre,1329.150,Month-to-month,1,Electronic check,17,No
CLJTI09462,1,1,0,H,98.700,Oui,Yes,Fibre,5812.600,Month-to-month,1,Electronic check,58,Yes
HIHMQ39207,0,0,1,F,49.500,Oui,Yes,ADSL,1265.650,Month-to-month,1,Mailed check,26,No
UVGNB53073,1,0,1,F,48.700,Non,No phone service,ADSL,2495.200,Month-to-month,1,Bank transfer (automatic),53,No
RSYYU87806,0,0,0,F,19.200,Oui,No,Non,532.100,Month-to-month,1,Credit card (automatic),25,No
NXBGR07421,0,0,0,F,82.300,Oui,No,Fibre,82.300,Month-to-month,1,Electronic check,1,Yes
NIOYM80676,1,0,1,F,21.100,Oui,No,Non,490.650,Two year,1,Credit card (automatic),24,No
QEWPT59162,1,0,0,F,69.000,Oui,No,ADSL,147.800,Month-to-month,0,Credit card (automatic),2,No
QFBEN10298,0,0,0,H,19.550,Oui,No,Non,19.550,Month-to-month,0,Mailed check,1,Yes
WNSOD92512,1,0,0,F,75.100,Oui,Yes,ADSL,5064.450,One year,0,Mailed check,67,No
FBXOJ65767,1,0,0,H,54.600,Non,No phone service,ADSL,934.800,One year,0,Electronic check,17,No
XWWTZ25017,0,0,0,H,70.200,Oui,No,Fibre,760.050,Month-to-month,0,Electronic check,11,No
LNESI60806,0,0,0,H,24.750,Oui,Yes,Non,1234.600,Two year,0,Mailed check,51,No
NIIWQ72456,0,0,0,F,69.850,Oui,No,Fibre,199.850,Month-to-month,1,Electronic check,3,No
HOOPW65674,0,1,0,F,79.200,Oui,No,Fibre,79.200,Month-to-month,1,Electronic check,1,Yes
EVXNY45504,0,0,1,F,69.650,Oui,No,Fibre,69.650,Month-to-month,1,Electronic check,1,Yes
UDQJM64379,1,1,0,F,84.100,Oui,Yes,ADSL,6129.650,Two year,1,Credit card (automatic),72,No
RBCSG02975,0,0,0,H,65.350,Oui,No,ADSL,1231.850,One year,1,Bank transfer (automatic),19,No
YVPKN20971,0,0,0,H,25.750,Oui,Yes,Non,1654.750,Two year,0,Mailed check,65,No
NWIFK08539,0,0,0,F,100.300,Oui,No,Fibre,4483.950,One year,1,Electronic check,45,No
OITSN48536,1,0,0,H,89.150,Oui,Yes,Fibre,413.250,Month-to-month,1,Electronic check,5,No
DAFVY61289,0,0,0,F,44.850,Non,No phone service,ADSL,2564.950,Month-to-month,1,Credit card (automatic),56,No
BVMVG11974,0,1,0,F,74.450,Oui,Yes,Fibre,294.450,Month-to-month,1,Electronic check,4,No
DQAKK75089,0,0,0,F,86.400,Oui,Yes,ADSL,5442.050,Two year,1,Credit card (automatic),64,No
PRCVK99381,1,0,1,F,19.700,Oui,No,Non,804.250,Two year,0,Bank transfer (automatic),41,No
IVARM02893,0,0,0,F,60.550,Oui,No,ADSL,1982.600,Month-to-month,0,Electronic check,35,No
NGFNY82607,0,0,0,F,25.200,Non,No phone service,ADSL,25.200,Month-to-month,0,Mailed check,1,Yes
IEVOJ70745,0,1,0,F,79.400,Oui,Yes,Fibre,205.050,Month-to-month,1,Electronic check,3,Yes
YWYSC66145,1,1,0,H,25.000,Oui,Yes,Non,1501.750,Two year,0,Bank transfer (automatic),61,No
VUVJN84735,0,1,0,H,73.650,Oui,Yes,Fibre,73.650,Month-to-month,1,Electronic check,1,Yes
DJWTY66939,0,0,1,F,55.600,Oui,No,ADSL,2016.450,One year,0,Credit card (automatic),35,No
SNQYZ36554,1,0,1,F,113.250,Oui,Yes,Fibre,7895.150,Two year,0,Credit card (automatic),69,No
KDHVX28458,1,0,0,F,68.300,Oui,No,ADSL,4378.800,Two year,1,Mailed check,64,No
YOCXN50274,1,0,1,H,110.050,Oui,Yes,Fibre,5686.400,One year,0,Credit card (automatic),51,No
MRNSU88843,1,0,1,H,19.900,Oui,No,Non,329.750,One year,0,Bank transfer (automatic),17,No
XRHCU05671,1,0,1,F,43.950,Non,No phone service,ADSL,2960.100,Two year,1,Credit card (automatic),69,No
CZJDR58689,0,0,1,H,31.350,Non,No phone service,ADSL,31.350,Month-to-month,1,Mailed check,1,Yes
BKEOR42234,0,0,1,F,64.850,Oui,No,ADSL,1336.800,One year,0,Mailed check,21,No
RIIOM60357,0,0,0,F,97.200,Oui,Yes,Fibre,5129.450,Two year,1,Bank transfer (automatic),54,No
VTIDR37974,1,0,0,H,23.450,Non,No phone service,ADSL,23.450,Month-to-month,1,Electronic check,1,Yes
BRGYX25686,0,0,0,H,70.200,Oui,No,Fibre,237.950,Month-to-month,1,Electronic check,4,Yes
SEFEE27753,0,0,1,H,61.900,Oui,Yes,ADSL,,Two year,1,Bank transfer (automatic),0,No
SHSBH42915,0,0,0,H,69.550,Oui,No,Fibre,521.350,Month-to-month,1,Electronic check,7,No
EJYPD46353,1,0,1,H,18.950,Oui,No,Non,613.950,Two year,0,Mailed check,32,No
DHDAK26075,1,0,1,H,19.800,Oui,No,Non,1414.650,Two year,1,Credit card (automatic),72,No
QZXPU52042,0,0,0,H,39.650,Non,No phone service,ADSL,733.350,Month-to-month,1,Electronic check,19,Yes
NAUXK02218,0,0,1,H,19.950,Oui,No,Non,219.500,One year,1,Bank transfer (automatic),10,No
ZOUAA33987,1,1,0,H,69.100,Oui,No,Fibre,1474.750,Month-to-month,1,Electronic check,21,Yes
HNVGJ17681,0,1,0,F,70.050,Oui,Yes,ADSL,3062.450,Month-to-month,1,Electronic check,45,No
RYRMG59179,0,1,0,H,19.800,Oui,No,Non,587.700,One year,0,Credit card (automatic),32,No
XHYJO38585,1,0,0,F,105.750,Oui,Yes,Fibre,4228.550,One year,0,Bank transfer (automatic),40,No
PZTIC48379,0,0,0,F,41.900,Non,No phone service,ADSL,1875.250,Two year,0,Mailed check,47,No
MADBQ27739,0,0,0,F,53.100,Non,No phone service,ADSL,1901.250,Two year,1,Mailed check,36,No
PYKCI10903,1,0,1,F,105.100,Oui,Yes,Fibre,7234.800,One year,1,Credit card (automatic),69,No
HYNYL94798,1,0,0,F,80.700,Oui,No,ADSL,5705.050,Two year,1,Credit card (automatic),71,No
NLZBV45655,1,0,0,F,24.650,Oui,Yes,Non,1710.150,Two year,1,Bank transfer (automatic),71,No
LCNBW83184,1,0,0,H,53.150,Non,No phone service,ADSL,1930.900,One year,0,Credit card (automatic),35,No
WDCAF92613,0,0,0,H,54.650,Oui,No,ADSL,189.100,Month-to-month,0,Mailed check,3,No
JOUPP49098,1,1,0,H,109.700,Oui,Yes,Fibre,7898.450,Two year,0,Credit card (automatic),72,No
IEYXM19518,1,0,1,H,90.600,Oui,Yes,ADSL,6441.850,Two year,1,Credit card (automatic),72,No
OJHAL42275,1,0,1,F,73.000,Oui,Yes,ADSL,5163.000,One year,1,Credit card (automatic),68,No
PBBOA17082,0,0,0,F,54.750,Non,No phone service,ADSL,2348.450,One year,1,Electronic check,42,No
BFOAJ87461,0,1,0,H,20.500,Oui,No,Non,429.550,One year,0,Bank transfer (automatic),21,No
UQXUQ41456,0,1,0,F,92.100,Oui,No,Fibre,729.950,Month-to-month,1,Electronic check,8,Yes
XXBXE95184,1,1,0,H,75.300,Oui,No,Fibre,720.450,Month-to-month,0,Electronic check,10,No
IHEZX95587,0,0,0,F,106.750,Oui,Yes,Fibre,7283.250,Two year,1,Credit card (automatic),71,No
HABPF17072,0,1,0,F,91.300,Oui,No,Fibre,4126.350,One year,1,Bank transfer (automatic),46,No
AVVWI96439,1,0,1,F,80.000,Oui,No,Fibre,241.300,Month-to-month,1,Electronic check,3,No
FSHON33981,0,1,0,F,91.300,Oui,Yes,Fibre,1094.500,Month-to-month,1,Electronic check,12,Yes
TWBAS91398,1,0,0,F,47.850,Non,No phone service,ADSL,1190.500,One year,0,Bank transfer (automatic),26,No
HYQEW09296,0,0,0,H,50.150,Oui,No,ADSL,160.850,Month-to-month,1,Mailed check,3,No
CRLZF04879,0,0,0,F,74.450,Oui,No,ADSL,3721.900,Two year,1,Bank transfer (automatic),49,No
OKRCT04545,0,0,0,H,80.600,Oui,No,Fibre,2651.100,Two year,0,Bank transfer (automatic),33,No
WKKAE23472,1,0,0,H,94.400,Oui,Yes,Fibre,4014.600,Month-to-month,1,Electronic check,42,No
JOCQO66639,1,0,1,H,75.250,Oui,Yes,ADSL,2344.500,One year,1,Bank transfer (automatic),31,No
VQDRP12971,1,1,1,H,107.150,Oui,Yes,Fibre,7379.800,One year,1,Credit card (automatic),68,No
AADLV48686,1,1,1,H,116.250,Oui,Yes,Fibre,7862.250,One year,1,Electronic check,66,No
DXBFY07887,1,0,1,H,19.550,Oui,No,Non,1108.800,One year,1,Electronic check,58,No
BZZIB58453,1,0,1,H,20.100,Oui,No,Non,655.300,Two year,0,Mailed check,35,No
EGVHZ73104,0,0,0,H,20.200,Oui,No,Non,20.200,Month-to-month,0,Bank transfer (automatic),1,No
TZEVA48265,0,0,0,F,74.800,Oui,No,Fibre,2971.700,Month-to-month,0,Credit card (automatic),40,No
IIARD40804,1,0,0,F,76.200,Oui,Yes,ADSL,981.450,Month-to-month,1,Electronic check,13,No
VFMXZ76729,1,0,0,H,55.700,Oui,No,ADSL,3171.600,Month-to-month,0,Electronic check,57,No
RHLFB99409,0,0,0,F,75.300,Oui,No,Fibre,75.300,Month-to-month,0,Electronic check,1,Yes
SHLZX91171,0,0,0,H,45.700,Oui,No,ADSL,45.700,Month-to-month,1,Mailed check,1,Yes
UVNDW72536,0,0,0,F,54.350,Oui,No,ADSL,2460.150,Two year,0,Credit card (automatic),46,Yes
KZQDZ98986,1,1,1,F,94.550,Oui,Yes,Fibre,3640.450,Month-to-month,1,Credit card (automatic),40,Yes
CIZFV85598,1,0,1,H,77.500,Oui,Yes,ADSL,1625.000,One year,0,Mailed check,21,Yes
CLAKW25066,0,0,0,F,98.150,Oui,No,Fibre,567.450,Month-to-month,1,Bank transfer (automatic),6,Yes
TKMZH85919,1,0,1,H,111.100,Oui,Yes,Fibre,6555.200,Two year,1,Mailed check,59,No
LMHOK49255,0,0,0,H,58.600,Oui,Yes,ADSL,939.700,Month-to-month,1,Credit card (automatic),15,Yes
PUYQO49715,0,0,0,F,94.550,Oui,Yes,Fibre,2724.600,Month-to-month,1,Mailed check,27,Yes
CAERR01862,0,0,0,H,116.300,Oui,Yes,Fibre,8309.550,One year,1,Bank transfer (automatic),71,No
HXJMX62331,0,0,0,F,89.300,Oui,Yes,Fibre,4192.150,Month-to-month,1,Credit card (automatic),45,No
OIUXP93678,0,0,0,H,20.700,Oui,No,Non,73.050,Month-to-month,0,Mailed check,4,No
YBNIB45881,0,0,0,F,19.600,Oui,No,Non,19.600,Month-to-month,1,Mailed check,1,Yes
CHFZW64673,1,0,1,H,99.350,Oui,Yes,Fibre,4749.150,Month-to-month,1,Electronic check,47,Yes
BPLZQ81487,0,0,0,H,49.800,Oui,No,ADSL,1734.200,Month-to-month,1,Electronic check,34,No
ASKVU05572,1,0,1,F,54.400,Oui,No,ADSL,957.100,One year,1,Credit card (automatic),18,No
OADJP33545,0,0,0,F,54.250,Oui,No,ADSL,447.750,One year,0,Bank transfer (automatic),8,No
OUUSZ22591,0,0,0,H,35.500,Non,No phone service,ADSL,249.550,One year,1,Credit card (automatic),7,No
IKATY49192,1,0,1,H,84.500,Oui,Yes,Fibre,453.750,Month-to-month,1,Electronic check,5,Yes
VUFWD43285,0,0,0,F,59.300,Oui,No,ADSL,2209.150,One year,0,Electronic check,39,No
ICONS86818,1,0,1,H,20.650,Oui,No,Non,654.850,Month-to-month,1,Mailed check,29,No
DMLXU22321,1,0,0,F,55.200,Oui,No,ADSL,55.200,Month-to-month,0,Mailed check,1,Yes
GORXK64473,0,0,1,H,25.000,Non,No phone service,ADSL,789.200,Month-to-month,0,Credit card (automatic),31,No
JYQPJ17773,0,0,0,H,24.300,Non,No phone service,ADSL,38.450,Month-to-month,0,Mailed check,2,No
GBWJZ66856,1,0,0,H,70.800,Oui,No,ADSL,4448.800,One year,0,Credit card (automatic),63,No
JBZZM39554,0,0,0,H,78.800,Oui,No,Fibre,1641.300,Month-to-month,0,Electronic check,20,No
LQXXH51978,1,0,0,F,83.300,Oui,Yes,ADSL,5894.500,Two year,1,Credit card (automatic),71,No
JSUWV59933,0,0,0,F,61.150,Oui,No,ADSL,4017.450,Two year,1,Bank transfer (automatic),66,No
MVUSO22198,0,0,0,H,45.150,Oui,No,ADSL,438.400,Month-to-month,1,Mailed check,8,Yes
MOERK31582,0,0,0,F,96.000,Oui,Yes,Fibre,174.800,Month-to-month,1,Electronic check,2,Yes
KADLU35947,1,0,0,H,35.100,Non,No phone service,ADSL,101.100,Month-to-month,0,Mailed check,3,No
YIXYU09328,0,0,0,F,20.250,Oui,No,Non,1029.800,Two year,0,Credit card (automatic),47,No
BAFGU86874,0,0,0,H,74.000,Oui,No,Fibre,74.000,Month-to-month,0,Electronic check,1,No
YOWFP73535,0,0,0,F,20.250,Oui,No,Non,129.150,One year,0,Mailed check,7,No
HAEVO68376,1,0,1,H,105.000,Oui,Yes,Fibre,7297.750,Two year,1,Electronic check,69,No
GMPVK67345,0,0,0,H,105.300,Oui,Yes,Fibre,550.600,Month-to-month,0,Electronic check,5,No
DBTOU76021,1,0,0,F,19.600,Oui,No,Non,1416.500,Two year,0,Mailed check,71,No
EZEWG98945,0,0,0,F,74.300,Oui,No,Fibre,74.300,Month-to-month,1,Credit card (automatic),1,Yes
SVOWZ16706,1,0,1,F,89.650,Oui,No,Fibre,1208.350,Month-to-month,1,Credit card (automatic),14,Yes
XMYJH91422,0,0,0,F,19.350,Oui,No,Non,601.600,Month-to-month,0,Credit card (automatic),29,No
PYOLZ58938,0,0,0,H,81.800,Oui,No,ADSL,4534.450,Two year,1,Credit card (automatic),56,No
DWOEP33193,1,1,0,H,95.750,Oui,No,Fibre,573.750,Month-to-month,1,Electronic check,6,Yes
JDSKI95145,1,1,0,H,40.200,Non,No phone service,ADSL,40.200,Month-to-month,0,Electronic check,1,Yes
FFVAR74326,1,0,1,F,90.950,Oui,No,Fibre,4236.600,One year,0,Bank transfer (automatic),46,No
YPDDQ43297,0,0,0,H,108.200,Oui,No,Fibre,2203.700,Month-to-month,1,Bank transfer (automatic),20,No
RANUS28607,0,1,0,F,85.800,Oui,Yes,Fibre,1727.500,Month-to-month,1,Credit card (automatic),20,Yes
JKZNU86964,0,1,0,F,76.250,Oui,Yes,Fibre,2841.550,Month-to-month,1,Electronic check,37,Yes
XZWHH10891,1,0,1,F,19.700,Oui,No,Non,494.050,Two year,1,Mailed check,24,No
EOBFE48311,1,0,1,H,94.650,Oui,No,Fibre,2649.150,Month-to-month,0,Credit card (automatic),29,Yes
YLHDV44238,1,0,0,F,104.400,Oui,Yes,Fibre,2200.250,Month-to-month,1,Bank transfer (automatic),21,Yes
FIBXJ54495,1,0,1,H,103.300,Oui,Yes,Fibre,2012.700,Month-to-month,0,Electronic check,19,Yes
DGHXP81449,0,0,0,F,80.600,Oui,No,ADSL,4299.950,Two year,0,Electronic check,54,No
RFFVI65987,0,0,0,H,19.300,Oui,No,Non,28.300,One year,0,Credit card (automatic),2,Yes
JRDSO30965,1,1,0,F,104.300,Oui,Yes,Fibre,2867.750,Month-to-month,1,Bank transfer (automatic),27,Yes
FOGLZ10579,0,0,0,F,19.650,Oui,No,Non,391.700,Month-to-month,0,Mailed check,18,No
BITHB93716,1,0,1,F,19.850,Oui,No,Non,1070.500,Two year,0,Mailed check,52,No
TMHJU45806,1,0,1,F,56.150,Oui,No,ADSL,2499.300,Month-to-month,0,Electronic check,43,Yes
CIIKR01785,0,0,0,F,19.950,Oui,No,Non,58.000,Month-to-month,0,Mailed check,3,No
YVOMK93485,0,0,0,H,44.800,Oui,No,ADSL,176.200,Month-to-month,1,Credit card (automatic),4,No
FMLZI84176,1,0,1,H,83.550,Oui,No,Fibre,477.550,Month-to-month,1,Credit card (automatic),6,Yes
WEFYX68518,1,1,0,H,100.800,Oui,Yes,Fibre,3437.500,Month-to-month,1,Electronic check,35,No
YHCMF81814,1,0,1,F,60.300,Non,No phone service,ADSL,4109.000,Two year,0,Credit card (automatic),68,No
SEPYI75489,0,0,0,F,96.250,Oui,No,Fibre,512.450,Month-to-month,1,Electronic check,5,Yes
IOEGQ03744,0,0,0,F,44.600,Oui,No,ADSL,122.700,Month-to-month,0,Electronic check,3,No
BXBUB05813,0,1,0,F,72.750,Oui,No,Fibre,317.750,Month-to-month,0,Electronic check,4,No
ZXYJC93507,0,0,0,F,25.300,Oui,Yes,Non,116.950,Two year,1,Credit card (automatic),4,No
GVWRF86425,1,0,0,F,79.700,Oui,No,Fibre,165.000,Month-to-month,0,Bank transfer (automatic),2,Yes
SVLTV29312,1,0,1,H,110.100,Oui,Yes,Fibre,4469.100,Month-to-month,1,Credit card (automatic),40,No
SNMJQ51839,0,0,0,H,95.100,Oui,No,Fibre,865.100,Month-to-month,1,Credit card (automatic),10,No
XNAFQ80248,0,1,0,F,107.400,Oui,Yes,Fibre,7748.750,Two year,1,Bank transfer (automatic),72,No
ABVAD73018,0,0,0,F,86.600,Oui,Yes,ADSL,6350.500,Two year,0,Bank transfer (automatic),72,No
DVQEO46782,0,0,0,F,52.200,Oui,No,ADSL,52.200,Month-to-month,1,Electronic check,1,Yes
DPEWS94156,0,0,0,F,88.350,Oui,Yes,Fibre,1639.300,Month-to-month,1,Electronic check,18,Yes
FVMZZ37487,0,0,0,H,40.050,Non,No phone service,ADSL,162.450,Month-to-month,1,Electronic check,4,No
BUZGT52818,0,1,0,H,90.850,Oui,Yes,Fibre,3186.700,Month-to-month,1,Electronic check,36,Yes
SESNB58798,0,0,0,F,75.250,Oui,Yes,Fibre,888.650,Month-to-month,0,Electronic check,11,No
TQVEV18206,0,0,0,H,69.550,Oui,No,Fibre,69.550,Month-to-month,1,Electronic check,1,Yes
CPATH90033,0,0,0,H,79.900,Oui,Yes,Fibre,3313.400,Month-to-month,0,Electronic check,42,No
ASBGA12681,1,1,0,F,85.350,Oui,Yes,Fibre,1375.150,Month-to-month,1,Credit card (automatic),16,Yes
LHBYW66555,0,0,0,H,114.350,Oui,Yes,Fibre,5791.100,One year,0,Credit card (automatic),50,No
LUNBG92271,0,0,0,F,24.600,Non,No phone service,ADSL,24.600,Month-to-month,0,Electronic check,1,Yes
RUKPH94188,1,0,1,F,19.950,Oui,No,Non,756.400,Two year,1,Mailed check,38,No
QYZZN05375,1,1,1,H,79.850,Oui,Yes,Fibre,1857.750,Month-to-month,1,Electronic check,24,No
FNWVH87344,1,0,1,H,59.700,Oui,Yes,ADSL,1825.500,Month-to-month,0,Bank transfer (automatic),31,No
KFYKL48017,0,0,1,H,19.450,Oui,No,Non,159.200,Month-to-month,0,Bank transfer (automatic),8,No
LZKAS83279,1,1,0,F,107.550,Oui,Yes,Fibre,4533.900,One year,1,Electronic check,43,Yes
PCPIG41881,1,0,0,F,70.350,Oui,No,ADSL,4124.650,Two year,1,Credit card (automatic),57,No
TLSGD18431,1,0,1,F,20.850,Oui,No,Non,272.350,Two year,0,Mailed check,13,No
MPARY69063,0,0,0,H,89.600,Oui,No,Fibre,3488.150,One year,1,Credit card (automatic),40,No
OQFBA60827,1,0,1,H,19.650,Oui,No,Non,436.900,One year,0,Mailed check,23,No
FBCAS35445,1,0,1,F,83.600,Oui,Yes,ADSL,5959.300,Two year,1,Credit card (automatic),72,No
RYTVV80346,0,0,0,F,84.250,Oui,Yes,Fibre,4589.850,One year,1,Credit card (automatic),55,No
YXBRO71307,1,0,0,H,111.450,Oui,Yes,Fibre,5315.100,Month-to-month,1,Bank transfer (automatic),48,No
BQCUW11571,0,0,0,H,74.950,Oui,Yes,Fibre,74.950,Month-to-month,1,Electronic check,1,Yes
SZLCH94453,1,0,1,F,97.350,Oui,Yes,Fibre,3457.900,Month-to-month,1,Bank transfer (automatic),36,Yes
UBQIU13996,0,0,0,H,69.350,Oui,No,ADSL,712.250,Month-to-month,1,Electronic check,11,No
PIGUY49122,0,0,0,F,84.600,Oui,Yes,Fibre,84.600,Month-to-month,1,Electronic check,1,No
OOEPC13232,1,0,0,F,98.400,Oui,Yes,Fibre,5149.500,Month-to-month,1,Credit card (automatic),53,Yes
VTHOE31813,1,0,0,H,51.050,Non,No phone service,ADSL,3635.150,One year,1,Bank transfer (automatic),70,No
ONJLV82722,0,0,0,H,95.700,Oui,No,Fibre,1184.000,One year,0,Electronic check,12,No
GMGDH36478,1,0,0,H,94.700,Oui,No,Fibre,1914.900,Month-to-month,1,Credit card (automatic),22,Yes
SRDOK13033,1,0,1,F,69.050,Oui,No,Fibre,3842.600,Two year,1,Credit card (automatic),55,No
YPXFS73615,0,1,0,F,64.450,Oui,Yes,ADSL,1867.600,Month-to-month,0,Bank transfer (automatic),28,No
DSRKA33592,1,0,1,F,19.850,Oui,No,Non,1158.850,Two year,1,Mailed check,58,No
WAUWT67466,0,0,0,H,19.700,Oui,No,Non,386.500,One year,1,Credit card (automatic),19,No
NZRUF46599,0,0,0,F,95.150,Oui,Yes,Fibre,1789.250,Month-to-month,1,Electronic check,19,Yes
IMLHK95185,0,0,0,H,72.450,Oui,No,ADSL,2156.250,Month-to-month,1,Bank transfer (automatic),31,No
LXDEV33743,0,0,0,F,89.400,Oui,Yes,Fibre,1132.350,Month-to-month,0,Electronic check,13,Yes
RHIPP53565,0,0,0,H,20.200,Oui,No,Non,20.200,Month-to-month,1,Mailed check,1,Yes
JWTJW11229,1,0,1,H,70.650,Oui,No,Fibre,70.650,Month-to-month,1,Mailed check,1,Yes
BWOZN06502,0,1,0,F,73.550,Oui,No,Fibre,1359.450,Month-to-month,1,Electronic check,18,No
QUERU55463,0,0,0,H,19.950,Oui,No,Non,257.000,One year,1,Mailed check,13,No
ZIKJJ86102,1,0,1,F,20.300,Oui,No,Non,31.900,One year,0,Mailed check,2,No
YFFQO85902,1,0,0,H,64.950,Oui,No,ADSL,4523.250,Two year,0,Credit card (automatic),70,No
HYUNX24282,1,1,0,H,19.350,Oui,No,Non,847.250,Two year,1,Credit card (automatic),44,No
TLZHO72199,1,0,1,F,20.850,Oui,No,Non,62.900,Month-to-month,0,Mailed check,4,No
HWLYB26499,1,0,0,H,76.150,Oui,Yes,ADSL,4929.550,Two year,0,Bank transfer (automatic),65,No
QBYTO80656,0,1,0,F,99.650,Oui,Yes,Fibre,7181.250,One year,1,Credit card (automatic),71,No
DZLIZ82594,1,0,1,F,53.850,Oui,Yes,ADSL,3399.850,One year,1,Bank transfer (automatic),64,No
CFRNX33483,1,0,0,F,92.350,Oui,No,Fibre,2602.900,Month-to-month,1,Mailed check,28,Yes
UMPYT82453,0,1,0,F,96.400,Oui,Yes,Fibre,1581.200,Month-to-month,1,Electronic check,16,Yes
DJEQW15554,1,0,1,F,114.200,Oui,Yes,Fibre,7723.900,Two year,1,Bank transfer (automatic),70,Yes
QGYJC77763,1,0,1,F,81.500,Oui,No,Fibre,3107.300,Month-to-month,1,Bank transfer (automatic),39,No
SLQPF28283,0,0,0,H,45.000,Oui,No,ADSL,865.850,Month-to-month,1,Bank transfer (automatic),19,No
GWYKC31709,0,0,0,F,104.950,Oui,No,Fibre,6236.750,Month-to-month,1,Bank transfer (automatic),60,No
RCXUS17106,1,0,0,H,90.350,Oui,Yes,Fibre,4614.550,One year,1,Credit card (automatic),51,No
CXQEU26734,0,1,0,F,110.500,Oui,Yes,Fibre,6139.500,One year,0,Electronic check,56,No
OZURD38384,1,0,0,H,105.000,Oui,Yes,Fibre,7133.250,Month-to-month,1,Credit card (automatic),66,Yes
ZSRDZ48592,1,0,1,F,55.500,Non,No phone service,ADSL,3166.900,Two year,1,Credit card (automatic),58,No
BKOYE57953,1,0,1,F,59.100,Oui,No,ADSL,4134.700,One year,0,Bank transfer (automatic),69,No
MMUTZ28513,0,0,0,F,56.150,Oui,No,ADSL,1439.350,Month-to-month,1,Mailed check,27,No
ZNQUT97527,0,0,0,F,48.600,Oui,No,ADSL,48.600,Month-to-month,1,Electronic check,1,No
VHWNP13293,0,0,0,F,25.050,Non,No phone service,ADSL,189.950,Month-to-month,0,Bank transfer (automatic),7,No
QGRJH39998,0,1,0,H,69.700,Oui,No,Fibre,560.850,Month-to-month,1,Electronic check,8,Yes
BYAVD34664,1,0,1,H,69.500,Oui,No,ADSL,1071.400,Month-to-month,1,Mailed check,15,No
TTZRT45682,0,0,0,H,20.400,Oui,No,Non,181.800,Month-to-month,0,Mailed check,9,No
FOTSD46726,0,0,0,H,67.250,Oui,Yes,ADSL,832.300,Month-to-month,1,Electronic check,12,No
RAGOV88519,1,0,0,F,71.050,Oui,No,ADSL,1837.700,Month-to-month,1,Mailed check,25,No
LTHVJ02563,1,0,1,F,81.050,Oui,No,Fibre,2227.100,Month-to-month,1,Electronic check,28,Yes
PNYOX52785,0,0,0,F,100.650,Oui,No,Fibre,4917.750,Two year,0,Credit card (automatic),49,No
TVFDZ31322,1,1,0,H,44.850,Non,No phone service,ADSL,2572.950,Month-to-month,1,Electronic check,57,Yes
MYYBN28248,1,0,1,F,95.250,Oui,Yes,Fibre,3314.150,Month-to-month,1,Electronic check,37,No
DTDKW42892,1,0,0,H,101.300,Oui,Yes,Fibre,4113.100,Month-to-month,1,Electronic check,40,Yes
DINOC00173,0,0,0,H,45.200,Non,No phone service,ADSL,2460.550,Two year,0,Credit card (automatic),54,No
PLEQY45367,1,0,0,H,85.050,Oui,No,Fibre,999.800,Month-to-month,1,Credit card (automatic),12,No
EJMWF64027,0,0,0,H,55.300,Oui,No,ADSL,238.500,Month-to-month,1,Mailed check,4,No
OKRJE14427,1,0,1,H,103.150,Oui,No,Fibre,7031.300,One year,1,Bank transfer (automatic),66,No
QNFQT14592,1,0,1,H,59.500,Non,No phone service,ADSL,4144.800,Two year,0,Bank transfer (automatic),70,No
KNSML69969,0,0,0,F,74.900,Oui,No,Fibre,74.900,Month-to-month,1,Electronic check,1,Yes
JALAW22397,0,0,0,H,103.250,Oui,Yes,Fibre,6017.650,One year,1,Bank transfer (automatic),58,Yes
ABWRL34524,0,1,0,H,86.050,Oui,Yes,Fibre,3865.600,Month-to-month,1,Credit card (automatic),47,No
ZJYAM92317,0,1,0,F,78.850,Oui,No,Fibre,292.800,Month-to-month,1,Electronic check,4,Yes
CHRBV71537,1,0,1,F,59.300,Oui,No,ADSL,3274.350,One year,1,Mailed check,57,No
JMZYP68337,0,0,0,F,94.000,Oui,No,Fibre,1505.450,Month-to-month,1,Credit card (automatic),15,No
CYCYZ56663,0,0,0,F,89.550,Oui,Yes,Fibre,2259.350,Month-to-month,1,Electronic check,24,No
OWHWB44256,0,0,0,F,19.350,Oui,No,Non,433.750,One year,1,Credit card (automatic),20,No
LLLFT15439,1,1,0,H,98.300,Oui,Yes,Fibre,6066.550,One year,1,Mailed check,61,No
NQCBA65813,1,0,0,F,49.950,Non,No phone service,ADSL,810.200,Month-to-month,1,Electronic check,16,Yes
VETUR81526,1,0,0,F,97.700,Oui,Yes,Fibre,6869.700,Two year,1,Credit card (automatic),72,No
MVYXX97968,0,1,0,F,39.700,Non,No phone service,ADSL,692.350,Two year,0,Mailed check,14,No
JTCCU28427,0,0,0,H,46.050,Oui,No,ADSL,80.350,Month-to-month,0,Bank transfer (automatic),2,Yes
ITUDF05955,1,0,1,H,91.800,Oui,Yes,Fibre,5960.500,Month-to-month,1,Electronic check,64,No
QAERP02199,1,0,0,H,19.800,Oui,No,Non,576.650,One year,0,Credit card (automatic),30,No
BXGES82262,1,0,0,H,89.450,Oui,Yes,Fibre,5692.650,One year,0,Bank transfer (automatic),64,No
HAWSU30902,0,0,0,H,111.600,Oui,Yes,Fibre,6876.050,Two year,1,Credit card (automatic),61,Yes
XGEQU11365,1,0,1,F,84.150,Oui,Yes,ADSL,4164.400,One year,1,Credit card (automatic),50,No
FZUGP67325,0,0,0,F,94.900,Oui,Yes,Fibre,4615.250,One year,0,Credit card (automatic),47,No
URHDA34016,0,0,0,H,59.900,Oui,Yes,ADSL,3043.600,One year,0,Credit card (automatic),51,No
TRTPY03655,0,0,0,F,91.200,Oui,Yes,Fibre,3382.300,Month-to-month,0,Bank transfer (automatic),37,No
DLAMQ46541,1,1,0,F,97.000,Oui,No,Fibre,6430.900,One year,0,Bank transfer (automatic),64,No
GEOOQ88472,1,0,0,H,60.200,Non,No phone service,ADSL,3582.400,Month-to-month,1,Bank transfer (automatic),60,No
ZKIWL30304,0,0,0,H,20.050,Oui,No,Non,20.050,Month-to-month,0,Mailed check,1,No
IOTLZ67278,1,0,0,H,81.950,Oui,No,ADSL,1181.750,Two year,0,Mailed check,14,No
NHQXU03787,1,0,1,F,88.250,Oui,Yes,Fibre,1460.650,Month-to-month,0,Electronic check,17,Yes
JUPYD05651,0,0,0,H,104.500,Oui,Yes,Fibre,6590.800,One year,0,Credit card (automatic),63,No
ZTEGJ76635,0,0,1,H,100.550,Oui,Yes,Fibre,2830.450,One year,0,Credit card (automatic),29,No
PTHGN14022,1,0,1,F,61.500,Oui,No,ADSL,1087.450,One year,1,Mailed check,18,No
DYEPJ76578,0,1,0,H,70.150,Oui,No,ADSL,2497.350,One year,1,Credit card (automatic),38,Yes
BRGUW35233,0,1,0,H,19.300,Oui,No,Non,504.200,One year,0,Credit card (automatic),26,No
DUVFC01007,1,1,0,H,104.800,Oui,Yes,Fibre,7308.950,One year,1,Electronic check,70,No
TGDHM20264,0,0,0,F,79.300,Oui,No,Fibre,523.150,Month-to-month,1,Electronic check,7,Yes
UGFAC97462,0,0,0,F,20.850,Oui,No,Non,450.650,One year,0,Bank transfer (automatic),22,No
HFUCW10421,0,0,1,F,54.750,Oui,No,ADSL,1266.350,One year,1,Credit card (automatic),25,No
GNOLC11531,0,0,0,H,39.100,Non,No phone service,ADSL,1309.000,One year,1,Electronic check,33,No
WNXXC05763,1,1,0,H,95.550,Oui,Yes,Fibre,2510.200,Month-to-month,1,Electronic check,27,Yes
ANDWJ69069,1,0,1,H,74.900,Oui,Yes,Fibre,1107.250,Month-to-month,1,Bank transfer (automatic),15,Yes
RKXDR10228,0,0,0,F,24.850,Oui,Yes,Non,962.250,One year,1,Mailed check,41,No
WQUHX71236,0,0,0,H,95.000,Oui,Yes,Fibre,3605.600,One year,0,Bank transfer (automatic),38,No
TYBCJ58575,1,1,0,H,89.200,Oui,Yes,Fibre,4040.200,Month-to-month,1,Electronic check,44,No
XBTWX77298,1,0,1,H,19.750,Oui,No,Non,1344.500,Two year,1,Mailed check,66,No
YNKDD39785,0,0,1,H,20.850,Oui,No,Non,467.500,Two year,0,Credit card (automatic),19,No
CCKOU91702,1,0,0,H,90.200,Oui,Yes,Fibre,1454.150,Month-to-month,0,Credit card (automatic),17,Yes
VWVDO14753,0,0,0,H,74.900,Oui,No,Fibre,490.550,Month-to-month,1,Electronic check,7,No
DGVUU71082,1,1,0,F,71.700,Oui,Yes,ADSL,1497.050,One year,0,Bank transfer (automatic),21,No
QVMSK25331,1,0,0,H,94.100,Oui,Yes,Fibre,5638.300,Two year,1,Electronic check,61,Yes
POGZN73395,0,0,0,F,50.700,Oui,Yes,ADSL,214.550,Month-to-month,0,Electronic check,4,No
YLDFR68486,1,0,1,H,75.200,Oui,No,ADSL,4300.800,One year,1,Credit card (automatic),58,No
LSJGD28985,1,0,1,F,55.950,Non,No phone service,ADSL,1157.050,One year,1,Electronic check,21,Yes
GASNP35072,0,0,1,H,19.950,Oui,No,Non,1189.900,Two year,0,Mailed check,60,No
LGRDP77995,0,0,0,F,25.700,Oui,Yes,Non,1188.200,Two year,1,Credit card (automatic),43,No
SFODM53733,1,1,0,H,85.250,Oui,Yes,Fibre,3132.750,Month-to-month,1,Credit card (automatic),36,Yes
UDMTP77337,0,1,0,F,55.000,Non,No phone service,ADSL,3094.050,Month-to-month,1,Electronic check,57,No
NISEI28013,0,0,0,H,54.950,Oui,No,ADSL,1348.500,Month-to-month,0,Electronic check,24,No
MYPGO43781,1,0,1,H,105.250,Oui,No,Fibre,7173.150,Two year,1,Bank transfer (automatic),68,No
KPTWJ01299,1,0,0,H,94.650,Oui,No,Fibre,6747.350,Month-to-month,1,Electronic check,72,No
AIVNJ03738,0,0,0,H,39.550,Non,No phone service,ADSL,373.000,One year,0,Mailed check,9,No
OOEEL84148,0,0,1,H,79.500,Oui,No,ADSL,5196.100,Two year,1,Credit card (automatic),66,No
QVFKM85416,0,0,0,F,73.500,Oui,Yes,Fibre,632.200,Month-to-month,1,Electronic check,8,No
XIQBR29311,1,0,1,F,103.050,Oui,No,Fibre,5153.500,One year,0,Mailed check,50,No
MSDEY56525,0,0,0,F,75.750,Oui,Yes,Fibre,777.300,Month-to-month,1,Mailed check,10,No
CWXVV25869,1,0,0,H,30.400,Non,No phone service,ADSL,1621.350,Month-to-month,0,Electronic check,54,No
INTPH80582,0,0,0,F,79.650,Oui,No,Fibre,79.650,Month-to-month,1,Electronic check,1,Yes
TKATG08801,1,0,1,H,101.150,Oui,Yes,Fibre,385.900,Month-to-month,0,Electronic check,4,Yes
VNIMQ93429,0,0,0,H,54.650,Oui,Yes,ADSL,1665.200,Month-to-month,1,Bank transfer (automatic),33,No
LGOVN77797,1,1,0,H,86.650,Oui,Yes,Fibre,856.650,Month-to-month,1,Electronic check,10,Yes
CKRLV21923,1,0,0,F,49.200,Non,No phone service,ADSL,3580.950,Two year,1,Electronic check,72,No
UQZLY69824,1,1,0,F,20.850,Oui,No,Non,20.850,Month-to-month,1,Mailed check,1,Yes
SHIPE84417,0,0,0,F,25.600,Oui,Yes,Non,1790.350,Two year,1,Bank transfer (automatic),67,No
CRQXP82127,1,0,0,F,80.000,Oui,No,Fibre,1706.450,Month-to-month,1,Credit card (automatic),22,No
JWMPU30096,0,0,0,H,96.750,Oui,Yes,Fibre,6125.400,One year,1,Electronic check,62,Yes
IIHUG06236,0,1,0,F,41.900,Non,No phone service,ADSL,840.100,Month-to-month,1,Electronic check,21,Yes
IVXVF26328,1,0,1,F,111.750,Oui,Yes,Fibre,7511.300,Two year,0,Credit card (automatic),68,No
RBDUG06557,0,0,0,H,98.050,Oui,Yes,Fibre,713.000,Month-to-month,1,Bank transfer (automatic),7,Yes
TJHTS18679,0,0,0,F,79.800,Oui,Yes,Fibre,4526.850,Month-to-month,1,Bank transfer (automatic),58,No
KWYKW00277,1,0,1,F,83.750,Oui,Yes,Fibre,1849.950,Month-to-month,1,Electronic check,23,No
QQZEB11315,1,1,0,H,23.950,Oui,Yes,Non,1756.200,Two year,0,Bank transfer (automatic),71,No
CRHKQ56515,1,0,0,F,86.200,Oui,No,Fibre,3339.050,One year,1,Bank transfer (automatic),41,No
DWPAZ13713,1,0,1,F,56.050,Non,No phone service,ADSL,,Two year,0,Credit card (automatic),0,No
BHJYC11942,1,0,0,H,62.150,Non,No phone service,ADSL,3778.850,Two year,1,Mailed check,61,No
ZJKLT05726,1,0,1,F,99.650,Oui,Yes,Fibre,4630.200,Two year,0,Mailed check,46,No
HLDBA29285,0,0,0,F,20.700,Oui,No,Non,112.750,Month-to-month,0,Mailed check,6,No
QTLMB26459,0,0,0,H,94.250,Oui,No,Fibre,669.000,Month-to-month,1,Electronic check,7,Yes
KAPQG04917,0,0,0,H,73.700,Oui,Yes,Fibre,1558.700,Month-to-month,1,Electronic check,21,No
MMFUH37935,0,1,0,F,95.050,Oui,Yes,Fibre,1290.000,Month-to-month,1,Electronic check,13,Yes
FALIX10255,0,0,0,F,69.050,Oui,No,Fibre,1815.650,Month-to-month,1,Credit card (automatic),26,No
XSOJX78805,0,0,0,H,42.400,Non,No phone service,ADSL,146.400,Month-to-month,0,Mailed check,4,No
JRCZO57994,0,0,1,F,19.500,Oui,No,Non,1215.100,Two year,0,Credit card (automatic),63,No
ZBNGW04955,1,1,0,H,79.900,Oui,Yes,Fibre,343.950,Month-to-month,1,Bank transfer (automatic),5,Yes
QBCDA99708,0,0,0,F,19.700,Oui,No,Non,129.550,Month-to-month,0,Credit card (automatic),6,No
AJDTL72712,1,0,0,F,94.450,Oui,Yes,Fibre,5073.100,Month-to-month,1,Credit card (automatic),55,No
PKIHD78338,1,0,1,H,76.400,Oui,No,ADSL,3966.300,One year,1,Bank transfer (automatic),51,No
KAJFD57911,1,0,1,F,68.750,Oui,Yes,ADSL,3808.000,One year,1,Bank transfer (automatic),56,No
BRXTD84992,0,0,0,H,20.100,Oui,No,Non,401.850,One year,0,Mailed check,18,No
TWRVK08536,1,0,0,H,105.600,Oui,Yes,Fibre,7581.500,Two year,0,Bank transfer (automatic),72,No
RHSNB44566,1,0,1,F,49.600,Oui,No,ADSL,962.900,Month-to-month,1,Bank transfer (automatic),19,No
IMGCQ98091,0,1,0,H,96.700,Oui,Yes,Fibre,2082.950,Month-to-month,1,Electronic check,22,Yes
QBVBI20732,1,0,0,F,35.450,Non,No phone service,ADSL,1391.650,One year,0,Mailed check,41,No
SXUXQ12576,1,0,1,H,19.450,Oui,No,Non,86.050,Month-to-month,0,Mailed check,5,No
PGNCD61697,0,0,0,F,74.300,Oui,No,ADSL,4166.350,Two year,1,Credit card (automatic),57,No
BUCFV26925,0,1,0,H,101.450,Oui,No,Fibre,2948.600,Month-to-month,1,Bank transfer (automatic),29,No
IRKSF16441,1,0,1,F,93.800,Oui,No,Fibre,3124.500,One year,1,Electronic check,33,Yes
SEGFY13049,1,0,0,F,97.850,Oui,Yes,Fibre,6841.300,Two year,1,Electronic check,72,No
WJJPR97773,1,0,0,H,88.650,Oui,Yes,Fibre,2683.200,Month-to-month,0,Credit card (automatic),31,No
IKGQH57325,1,1,0,H,104.450,Oui,No,Fibre,5481.250,One year,1,Bank transfer (automatic),52,No
TCATG17574,1,0,1,H,20.050,Oui,No,Non,746.750,One year,0,Bank transfer (automatic),35,No
HTWVE83147,1,0,1,F,19.850,Oui,No,Non,144.150,Two year,0,Mailed check,7,No
QAREY20871,1,0,0,F,54.700,Oui,No,ADSL,1178.750,Month-to-month,1,Mailed check,22,No
CZMLL42297,0,0,0,H,74.900,Oui,Yes,Fibre,469.800,Month-to-month,1,Electronic check,6,Yes
KHCWD49403,1,0,0,F,37.700,Non,No phone service,ADSL,2288.700,Two year,0,Bank transfer (automatic),60,No
WULEG18342,1,0,1,H,20.250,Oui,No,Non,439.750,One year,0,Mailed check,24,No
SVNWV63604,0,1,0,F,73.550,Oui,No,Fibre,2094.650,Month-to-month,1,Credit card (automatic),31,No
NOZFC52263,0,0,0,H,85.750,Oui,No,Fibre,2146.500,Month-to-month,1,Electronic check,26,No
LHZOD10622,1,0,1,H,69.900,Oui,No,Fibre,69.900,Month-to-month,1,Mailed check,1,Yes
HRLKZ11066,1,0,1,H,19.600,Oui,No,Non,808.950,Two year,0,Mailed check,40,No
MSZAO70941,1,0,1,H,20.050,Oui,No,Non,218.500,Month-to-month,1,Credit card (automatic),10,No
WUXUM06134,1,0,1,F,19.200,Oui,No,Non,1401.400,Two year,1,Mailed check,70,No
EAGWC88063,0,0,0,H,55.150,Oui,No,ADSL,159.150,Month-to-month,0,Mailed check,3,Yes
DYBQN67692,0,1,0,H,85.000,Oui,No,Fibre,3969.400,Month-to-month,0,Electronic check,46,Yes
TZMJL24089,1,0,0,H,110.150,Oui,Yes,Fibre,6448.050,One year,1,Electronic check,59,Yes
DBMUS19966,1,1,0,F,70.650,Oui,No,Fibre,3545.050,Month-to-month,1,Bank transfer (automatic),48,No
AYBRX63236,0,0,0,H,19.350,Oui,No,Non,1099.600,Two year,0,Mailed check,59,Yes
FPAXX14329,0,0,0,F,30.600,Non,No phone service,ADSL,856.350,Month-to-month,1,Electronic check,29,Yes
AMJTL41609,0,1,0,F,19.650,Oui,No,Non,164.300,Month-to-month,0,Electronic check,8,Yes
RICWQ33522,1,0,1,F,19.750,Oui,No,Non,210.650,Two year,0,Mailed check,9,No
XKKNJ26802,0,0,0,F,58.200,Oui,No,ADSL,469.250,One year,0,Bank transfer (automatic),8,No
BJDSI81824,0,0,0,F,89.950,Oui,Yes,Fibre,2625.550,Month-to-month,1,Electronic check,28,Yes
WNUIB13898,1,0,1,F,76.000,Oui,Yes,ADSL,1588.750,One year,0,Bank transfer (automatic),20,No
THJBS46125,0,1,0,F,104.750,Oui,Yes,Fibre,5510.650,One year,1,Bank transfer (automatic),56,Yes
POCOP58426,1,0,0,F,88.900,Oui,No,Fibre,454.150,Month-to-month,1,Mailed check,5,Yes
TOKRI94921,0,0,0,F,90.000,Oui,Yes,Fibre,1527.350,Month-to-month,1,Credit card (automatic),18,Yes
LAFGP07954,1,0,1,H,90.400,Oui,Yes,ADSL,6668.050,Two year,0,Electronic check,71,No
DFXKO06112,1,0,0,H,89.000,Oui,No,Fibre,1820.450,Month-to-month,1,Mailed check,20,Yes
BUYVG80353,1,0,0,H,42.350,Non,No phone service,ADSL,1716.450,One year,1,Electronic check,40,Yes
JDYNW66207,0,0,0,F,60.600,Oui,Yes,ADSL,1156.350,Month-to-month,1,Mailed check,18,No
OHDIW85901,1,0,1,F,20.300,Oui,No,Non,749.350,One year,0,Mailed check,38,No
ZYEKH58976,1,1,0,F,105.600,Oui,Yes,Fibre,7112.150,One year,1,Electronic check,67,No
OOVCJ50845,1,0,1,F,55.350,Oui,No,ADSL,920.500,Month-to-month,1,Credit card (automatic),17,No
CSDJP17409,0,0,0,H,35.250,Non,No phone service,ADSL,35.250,Month-to-month,1,Bank transfer (automatic),1,Yes
RZVZW26969,1,0,0,H,25.050,Oui,Yes,Non,1629.200,Two year,0,Credit card (automatic),68,No
TRJUU94501,0,0,0,H,83.150,Oui,Yes,Fibre,2848.450,Month-to-month,0,Electronic check,35,No
SSPWD45818,0,0,0,F,75.800,Oui,Yes,Fibre,246.300,Month-to-month,1,Electronic check,3,Yes
HQMGZ48134,1,0,0,F,90.250,Oui,Yes,Fibre,743.750,Month-to-month,1,Electronic check,8,No
CNOZC49035,0,0,0,H,70.900,Oui,Yes,ADSL,1964.600,One year,0,Credit card (automatic),29,No
GAVAP08225,0,0,0,F,34.700,Non,No phone service,ADSL,62.250,Month-to-month,1,Electronic check,2,Yes
OYMSE30554,0,1,0,F,73.800,Oui,No,Fibre,4003.850,Month-to-month,1,Credit card (automatic),53,No
QZLXF72424,0,0,1,H,25.300,Non,No phone service,ADSL,25.300,Month-to-month,1,Electronic check,1,Yes
QRPZR83259,0,0,0,F,75.150,Oui,No,Fibre,525.000,Month-to-month,1,Electronic check,7,No
ECPQJ78741,0,0,1,F,20.050,Oui,No,Non,85.500,Month-to-month,1,Bank transfer (automatic),4,No
YGEFM24764,0,0,0,F,76.000,Oui,Yes,Fibre,2215.250,Month-to-month,1,Credit card (automatic),29,No
YDAVZ22761,0,0,0,F,75.100,Oui,Yes,Fibre,270.700,Month-to-month,1,Credit card (automatic),3,Yes
XEYAN06614,0,1,0,F,25.800,Non,No phone service,ADSL,25.800,Month-to-month,1,Mailed check,1,Yes
XKKWR13975,0,0,0,H,35.300,Non,No phone service,ADSL,264.800,One year,0,Mailed check,7,No
FXSCK92497,0,0,0,F,111.250,Oui,Yes,Fibre,5916.450,One year,1,Credit card (automatic),52,Yes
WXBGI47184,1,0,1,H,91.950,Oui,Yes,ADSL,6614.900,Two year,1,Credit card (automatic),72,No
HECZI04861,1,0,0,H,96.750,Oui,Yes,Fibre,5238.900,Month-to-month,1,Electronic check,55,Yes
CDTMJ72917,0,0,0,H,19.650,Oui,No,Non,19.650,Month-to-month,1,Bank transfer (automatic),1,No
LIWRH71961,0,0,0,F,19.550,Oui,No,Non,124.450,Two year,0,Mailed check,6,No
AFOHS06259,1,0,1,F,20.200,Oui,No,Non,558.800,Two year,0,Mailed check,29,No
MJEFC56565,1,0,1,H,48.150,Non,No phone service,ADSL,2032.300,Two year,0,Credit card (automatic),42,No
MHCZW39465,0,0,0,H,50.900,Oui,No,ADSL,50.900,Month-to-month,0,Mailed check,1,Yes
YKQTY21084,0,0,0,F,50.700,Oui,No,ADSL,151.300,Month-to-month,0,Credit card (automatic),4,Yes
PFNIK28622,0,0,1,H,24.700,Non,No phone service,ADSL,24.700,Month-to-month,1,Electronic check,1,No
HYAPG28569,0,0,0,F,68.650,Oui,No,Fibre,68.650,Month-to-month,0,Electronic check,1,Yes
GNWHM37076,0,0,0,H,74.250,Oui,Yes,Fibre,74.250,Month-to-month,1,Mailed check,1,Yes
BJLSL23634,0,0,0,H,80.400,Oui,No,ADSL,4981.150,Month-to-month,1,Bank transfer (automatic),62,No
MITLP36635,0,0,0,F,101.250,Oui,No,Fibre,1457.250,Month-to-month,1,Electronic check,15,Yes
YZZYM33737,1,0,1,H,19.200,Oui,No,Non,19.200,Month-to-month,0,Mailed check,1,No
FHRFC58489,0,0,0,F,20.050,Oui,No,Non,1386.900,Two year,0,Bank transfer (automatic),68,No
DFEZH08408,0,0,0,F,75.350,Oui,Yes,Fibre,564.650,Month-to-month,1,Electronic check,7,No
HMFFH58798,1,0,0,F,88.050,Oui,Yes,ADSL,6520.800,Two year,0,Bank transfer (automatic),72,No
BEGSG47238,1,0,0,H,86.650,Oui,Yes,ADSL,6094.250,Two year,0,Credit card (automatic),72,No
BWUCK39761,1,0,0,F,94.100,Oui,Yes,Fibre,2804.450,Month-to-month,1,Credit card (automatic),30,Yes
FRFZQ82926,0,0,0,F,41.150,Non,No phone service,ADSL,1700.900,One year,0,Bank transfer (automatic),39,No
BQJEI94809,0,0,0,H,92.300,Oui,Yes,Fibre,5731.450,One year,1,Bank transfer (automatic),62,No
ZTLPI43508,1,0,0,F,108.950,Oui,Yes,Fibre,5718.200,One year,1,Bank transfer (automatic),53,No
GCZHZ37637,1,0,0,H,104.050,Oui,Yes,Fibre,6890.000,One year,1,Electronic check,66,Yes
XUHBX16581,1,1,1,F,88.750,Oui,Yes,Fibre,5348.650,Month-to-month,1,Credit card (automatic),59,No
QZPQS25079,0,0,0,H,95.700,Oui,Yes,Fibre,1451.100,Month-to-month,0,Electronic check,15,No
JJHGS05648,0,0,0,H,95.500,Oui,Yes,Fibre,829.100,Month-to-month,1,Electronic check,9,Yes
BOOHV97509,0,0,0,F,30.150,Non,No phone service,ADSL,927.650,One year,0,Mailed check,32,No
HHUOZ87736,0,0,1,F,64.700,Oui,No,ADSL,1093.100,Month-to-month,1,Mailed check,17,Yes
MXCSE13357,1,0,1,H,55.250,Oui,No,ADSL,3119.900,Two year,1,Credit card (automatic),55,No
RMEZH87072,1,1,0,F,87.300,Oui,No,Fibre,6055.550,One year,0,Credit card (automatic),69,No
CHWSK07718,0,0,0,H,74.600,Oui,Yes,ADSL,4798.400,Two year,1,Credit card (automatic),66,No
KBKZP37031,0,1,0,H,74.450,Oui,Yes,Fibre,1261.350,Month-to-month,1,Bank transfer (automatic),16,No
LGWQI94772,1,0,1,H,80.150,Oui,No,ADSL,5600.150,Two year,1,Credit card (automatic),70,No
GYUJU48931,0,0,0,F,19.350,Oui,No,Non,1033.000,One year,1,Mailed check,50,No
DIVAI23933,0,0,0,F,20.000,Oui,No,Non,61.700,Month-to-month,1,Mailed check,3,No
JCPIB08723,0,0,0,H,65.750,Oui,Yes,ADSL,1111.200,Month-to-month,0,Bank transfer (automatic),17,No
IDLEK99099,1,0,1,H,96.800,Oui,Yes,Fibre,1826.700,Month-to-month,0,Mailed check,20,No
WITJG40865,1,0,1,H,19.700,Oui,No,Non,1301.100,Two year,0,Credit card (automatic),71,No
YXVVA28746,0,0,0,F,105.100,Oui,No,Fibre,3634.800,Month-to-month,1,Electronic check,34,No
QBUQH00575,0,0,1,F,25.100,Oui,Yes,Non,1070.150,Two year,1,Electronic check,43,No
MQUEA46761,1,1,0,H,101.900,Oui,Yes,Fibre,5265.500,One year,1,Bank transfer (automatic),50,No
PIQHM05806,1,0,1,F,101.600,Oui,Yes,Fibre,3930.550,One year,1,Bank transfer (automatic),41,No
SAOTC52435,0,0,0,H,79.850,Oui,Yes,Fibre,4308.250,Month-to-month,1,Bank transfer (automatic),54,No
GDTMP83474,1,0,0,F,19.450,Oui,No,Non,1225.650,Two year,0,Credit card (automatic),64,No
YSPJJ50121,1,0,1,H,54.350,Oui,No,ADSL,1647.000,Month-to-month,0,Mailed check,31,No
AHOUP52888,0,1,0,H,78.500,Oui,No,Fibre,874.200,Month-to-month,1,Electronic check,11,No
MXJIV74882,0,0,0,F,85.650,Oui,Yes,Fibre,321.650,Month-to-month,1,Electronic check,4,Yes
XOBQA98679,0,0,1,F,53.150,Non,No phone service,ADSL,1183.200,Two year,0,Mailed check,21,No
ALLCS25111,1,0,1,F,24.300,Oui,Yes,Non,821.600,Two year,0,Bank transfer (automatic),35,No
NKCXI55783,1,0,1,F,99.250,Oui,No,Fibre,5846.650,One year,0,Credit card (automatic),58,No
UNPKS12239,1,0,1,H,20.050,Oui,No,Non,400.000,Two year,0,Mailed check,20,No
EYCPR90879,0,0,0,F,25.000,Oui,Yes,Non,1505.050,Two year,0,Mailed check,60,No
SNGKP59242,0,0,1,F,20.250,Oui,No,Non,865.000,One year,1,Credit card (automatic),41,No
SSWAG11011,1,0,0,F,51.100,Oui,Yes,ADSL,711.150,Month-to-month,1,Electronic check,15,No
LDZUE00824,0,0,0,H,44.300,Oui,No,ADSL,44.300,Month-to-month,1,Mailed check,1,No
CKLOR20039,0,0,0,H,99.500,Oui,No,Fibre,6710.500,Month-to-month,0,Electronic check,66,Yes
IDSTG06798,1,1,1,F,69.250,Oui,No,Fibre,69.250,Month-to-month,1,Electronic check,1,Yes
JTEEC77294,1,0,1,H,44.500,Oui,No,ADSL,90.050,Month-to-month,1,Electronic check,2,No
LOAHA15502,1,0,0,F,84.150,Oui,No,Fibre,2585.950,Month-to-month,0,Bank transfer (automatic),32,Yes
TAVKX83366,1,1,0,F,78.450,Oui,Yes,ADSL,5682.250,Two year,0,Bank transfer (automatic),72,No
VEPUF91142,1,0,0,H,96.100,Oui,Yes,Fibre,6001.450,One year,0,Electronic check,62,No
BHGOG26881,0,1,0,H,79.550,Oui,No,Fibre,718.550,Month-to-month,1,Electronic check,9,No
OEQZH20383,0,0,0,H,86.050,Oui,No,Fibre,308.100,Month-to-month,0,Electronic check,4,No
HZZHQ47676,1,0,1,H,82.050,Oui,No,Fibre,2570.200,Month-to-month,0,Bank transfer (automatic),30,No
XWZFY00939,0,0,0,H,104.500,Oui,Yes,Fibre,4036.850,Month-to-month,1,Credit card (automatic),40,Yes
TEEUH55195,0,0,1,H,20.150,Oui,No,Non,682.150,One year,1,Mailed check,33,No
CNNKB10889,1,0,0,H,80.000,Oui,Yes,ADSL,5040.200,One year,0,Credit card (automatic),63,No
JLKWR18134,1,0,1,F,19.800,Oui,No,Non,1336.650,One year,0,Bank transfer (automatic),64,No
IRMNA10095,0,0,0,F,20.000,Oui,No,Non,137.600,Month-to-month,0,Bank transfer (automatic),7,Yes
OIEDU74107,0,0,0,H,79.850,Oui,No,Fibre,887.350,Month-to-month,1,Mailed check,10,No
MYGPK75494,1,0,1,F,100.550,Oui,Yes,Fibre,6215.350,Month-to-month,1,Electronic check,63,Yes
EPFBG00568,1,0,1,H,39.400,Non,No phone service,ADSL,825.400,Two year,1,Credit card (automatic),20,No
USPKF50328,0,0,0,F,84.100,Oui,Yes,ADSL,3187.650,One year,0,Bank transfer (automatic),38,No
WSNTY67236,1,1,0,F,108.100,Oui,Yes,Fibre,7181.950,One year,1,Credit card (automatic),66,No
OIYEJ11954,0,0,0,H,91.100,Oui,No,Fibre,1135.700,Month-to-month,1,Electronic check,13,Yes
YESJC79642,1,0,0,F,66.300,Oui,Yes,ADSL,1559.450,Month-to-month,0,Mailed check,24,No
SNNEW59955,1,1,0,H,104.450,Oui,Yes,Fibre,2184.850,Month-to-month,1,Electronic check,23,No
EHEVJ99041,1,1,1,F,91.350,Oui,Yes,Fibre,2896.550,Month-to-month,1,Mailed check,32,No
AEHIG78763,0,0,1,F,60.150,Non,No phone service,ADSL,3077.000,One year,0,Bank transfer (automatic),51,No
BSAIP49339,1,0,0,F,19.100,Oui,No,Non,780.100,Two year,0,Mailed check,40,No
XXSOG29781,0,0,0,F,59.050,Oui,Yes,ADSL,1253.500,Month-to-month,1,Mailed check,22,No
KTFRE25857,0,0,1,H,70.450,Oui,No,ADSL,70.450,Month-to-month,1,Bank transfer (automatic),1,No
TAJYI48473,0,1,0,F,89.350,Oui,No,Fibre,567.800,Month-to-month,1,Electronic check,6,No
OOXUQ61411,0,0,0,H,19.650,Oui,No,Non,19.650,Month-to-month,0,Mailed check,1,Yes
DUKMV81898,1,0,0,F,20.500,Oui,No,Non,79.050,One year,0,Bank transfer (automatic),4,No
XUSCI77528,0,0,0,F,105.900,Oui,Yes,Fibre,6396.450,Month-to-month,1,Electronic check,60,Yes
HOWRP43345,1,1,0,H,64.950,Non,No phone service,ADSL,4546.000,Two year,1,Credit card (automatic),72,No
KWOKW44452,0,0,0,F,60.150,Oui,Yes,ADSL,2421.600,One year,1,Bank transfer (automatic),42,No
FITGH05419,1,0,0,F,62.150,Oui,No,ADSL,113.100,Month-to-month,1,Mailed check,2,No
EQPIM80396,1,0,0,H,60.250,Non,No phone service,ADSL,4055.500,Two year,0,Bank transfer (automatic),69,No
FVJLC64749,0,0,0,H,86.000,Oui,Yes,Fibre,165.450,Month-to-month,1,Electronic check,2,Yes
EKTKM37769,0,1,0,F,36.450,Non,No phone service,ADSL,36.450,Month-to-month,1,Electronic check,1,Yes
ZZKBD70366,1,0,0,H,66.400,Oui,No,ADSL,2019.800,Month-to-month,1,Credit card (automatic),31,No
YDAYZ66964,1,0,1,H,20.500,Oui,No,Non,290.550,Two year,0,Mailed check,16,No
CGACY60406,0,0,0,F,19.600,Oui,No,Non,299.400,Month-to-month,0,Mailed check,15,No
XIMLN30069,0,0,1,F,94.200,Oui,Yes,Fibre,193.800,Month-to-month,1,Bank transfer (automatic),2,Yes
XCFYV76684,1,1,0,F,92.550,Oui,Yes,Fibre,1614.700,Month-to-month,1,Electronic check,17,No
IMRMM61012,0,0,1,H,94.500,Oui,No,Fibre,575.450,Month-to-month,0,Mailed check,6,Yes
NUIAA78391,1,0,1,F,59.800,Oui,Yes,ADSL,3641.500,Month-to-month,0,Electronic check,61,No
ZHMHP73029,0,0,0,F,19.150,Oui,No,Non,19.150,Month-to-month,0,Mailed check,1,No
CPURM76616,0,0,0,H,87.700,Oui,No,Fibre,1725.950,One year,1,Credit card (automatic),19,No
EJXRD55832,1,0,1,H,54.050,Non,No phone service,ADSL,2375.200,Two year,1,Credit card (automatic),44,No
JCGNI70558,0,0,0,F,111.950,Oui,Yes,Fibre,7795.950,Two year,1,Credit card (automatic),70,No
BFWSG89468,1,0,1,H,25.250,Oui,Yes,Non,1573.050,Two year,0,Mailed check,63,No
PEPNS76368,1,0,1,F,44.100,Oui,No,ADSL,2413.050,One year,1,Mailed check,58,No
PLRLP76198,1,0,0,F,74.100,Oui,Yes,ADSL,3833.950,One year,0,Bank transfer (automatic),53,No
EEWWM24786,1,0,0,H,44.300,Non,No phone service,ADSL,2666.750,Month-to-month,1,Electronic check,59,No
WYGFR44293,0,0,0,H,49.150,Oui,No,ADSL,1237.300,Month-to-month,0,Bank transfer (automatic),26,No
PUPMC60648,1,0,1,H,57.200,Oui,No,ADSL,1423.350,One year,0,Credit card (automatic),23,No
FSPVW10975,0,0,0,F,54.550,Oui,No,ADSL,2455.050,Month-to-month,0,Credit card (automatic),42,No
CBREO90585,0,1,0,F,50.550,Oui,Yes,ADSL,50.550,Month-to-month,0,Mailed check,1,Yes
ZBZZV92393,0,0,0,F,47.950,Non,No phone service,ADSL,305.100,Month-to-month,1,Electronic check,6,Yes
OAYKL90846,0,0,0,H,20.800,Oui,No,Non,1212.250,Two year,0,Mailed check,58,No
SJCZT52998,0,0,0,H,101.550,Oui,Yes,Fibre,298.350,Month-to-month,1,Bank transfer (automatic),3,Yes
FIQPA52313,0,0,0,F,19.850,Oui,No,Non,810.450,Two year,1,Mailed check,41,No
ZBPOQ76709,1,0,0,F,61.050,Oui,Yes,ADSL,3478.750,One year,1,Bank transfer (automatic),58,No
JMNKX87495,1,1,0,H,93.800,Oui,Yes,Fibre,4750.950,Month-to-month,1,Bank transfer (automatic),51,Yes
QYTCF20677,1,0,0,F,111.150,Oui,Yes,Fibre,6953.400,Month-to-month,1,Electronic check,64,No
AAQOU31297,1,0,1,F,25.600,Oui,Yes,Non,485.900,Two year,0,Mailed check,19,No
GUDCL10362,1,0,1,H,79.050,Oui,No,ADSL,4663.400,Month-to-month,1,Credit card (automatic),60,No
XLDOF53751,1,0,1,H,114.350,Oui,Yes,Fibre,7665.800,Two year,1,Bank transfer (automatic),69,No
CSNMG31911,1,0,1,F,80.700,Oui,No,Fibre,239.450,Month-to-month,1,Electronic check,3,No
EQOEP38746,0,0,0,H,95.000,Oui,Yes,Fibre,655.500,Month-to-month,0,Mailed check,7,Yes
SAWMO75172,1,0,0,F,73.200,Oui,No,Fibre,1441.100,Month-to-month,1,Electronic check,19,Yes
IAICY26095,0,0,0,F,77.150,Oui,Yes,Fibre,77.150,Month-to-month,1,Electronic check,1,Yes
TACXW26324,1,0,0,F,23.650,Oui,Yes,Non,1416.750,Two year,0,Bank transfer (automatic),62,No
CTHOL33342,0,0,0,F,49.950,Oui,Yes,ADSL,49.950,Month-to-month,1,Bank transfer (automatic),1,Yes
EECDB65139,1,1,0,H,73.550,Oui,Yes,Fibre,73.550,Month-to-month,1,Electronic check,1,Yes
RVMTE49457,0,0,0,F,59.550,Oui,No,ADSL,1646.450,Month-to-month,1,Bank transfer (automatic),28,No
ABEPT95897,1,0,0,H,92.450,Oui,Yes,Fibre,6460.550,Two year,1,Mailed check,69,No
HCETZ42484,1,1,0,H,79.650,Oui,No,Fibre,2365.150,Month-to-month,1,Mailed check,30,Yes
SKORY18626,1,1,0,F,39.300,Non,No phone service,ADSL,1637.400,Month-to-month,1,Electronic check,40,Yes
LMECX11351,0,0,0,F,19.850,Oui,No,Non,19.850,Month-to-month,0,Mailed check,1,No
INRLC78811,0,0,0,H,100.850,Oui,Yes,Fibre,4740.000,Month-to-month,1,Credit card (automatic),45,Yes
OCEQI71633,1,0,1,H,78.650,Oui,Yes,ADSL,1663.750,One year,1,Mailed check,22,No
HLQJR76344,1,0,1,F,20.050,Oui,No,Non,1016.700,Two year,0,Credit card (automatic),47,No
MXSFP49862,0,0,0,F,20.000,Oui,No,Non,40.900,Month-to-month,1,Mailed check,2,No
POXGX80669,0,0,0,F,35.100,Non,No phone service,ADSL,446.100,Month-to-month,1,Electronic check,13,Yes
GOOKI50252,0,0,0,F,18.900,Oui,No,Non,347.650,Month-to-month,1,Credit card (automatic),20,No
JWTDV64254,1,0,0,H,19.250,Oui,No,Non,855.100,Two year,0,Mailed check,48,No
EIVQS84024,1,0,0,H,100.900,Oui,No,Fibre,6733.150,One year,1,Credit card (automatic),67,No
USMEC13254,1,0,0,H,99.350,Oui,Yes,Fibre,6944.500,Two year,1,Credit card (automatic),70,No
WRYZE63939,1,0,0,F,97.650,Oui,Yes,Fibre,3207.550,Month-to-month,1,Electronic check,34,Yes
DTCZB19716,1,0,0,F,90.950,Oui,Yes,ADSL,6468.600,Two year,1,Bank transfer (automatic),72,No
FLBGS16849,1,0,1,F,69.500,Oui,Yes,ADSL,1652.100,Month-to-month,1,Credit card (automatic),23,No
SMHXL75088,0,1,0,F,89.000,Oui,Yes,Fibre,1288.300,Month-to-month,0,Credit card (automatic),15,No
XIBUM84299,0,0,0,H,101.350,Oui,Yes,Fibre,2317.100,Month-to-month,1,Bank transfer (automatic),22,Yes
GWWAV60618,0,0,1,H,70.200,Oui,No,ADSL,2894.550,One year,0,Mailed check,41,No
LQOGP56802,0,0,0,F,82.450,Oui,No,ADSL,5646.600,Two year,1,Credit card (automatic),68,No
IJRHS60505,1,0,1,F,106.500,Oui,Yes,Fibre,7397.000,One year,1,Electronic check,70,No
SVHYR03639,1,0,1,H,86.850,Oui,Yes,ADSL,6263.800,Two year,0,Bank transfer (automatic),71,No
UVGOX69973,1,0,1,H,85.450,Oui,No,ADSL,6029.900,Two year,0,Bank transfer (automatic),71,No
EAFCZ58583,0,0,0,H,44.450,Oui,No,ADSL,44.450,Month-to-month,0,Mailed check,1,No
EKAPL35831,0,0,0,H,55.000,Oui,No,ADSL,55.000,Month-to-month,1,Electronic check,1,Yes
BDPEE77644,0,0,1,H,20.850,Oui,No,Non,60.650,Month-to-month,0,Mailed check,3,No
BQULA16859,0,0,0,F,93.400,Oui,Yes,Fibre,3756.400,Month-to-month,1,Bank transfer (automatic),40,No
WDIOK33293,0,0,0,F,50.600,Non,No phone service,ADSL,155.350,Month-to-month,1,Electronic check,3,Yes
HCBOH12401,0,0,0,F,26.100,Oui,Yes,Non,1759.550,Two year,1,Mailed check,67,No
YWVYA21229,0,0,0,F,75.400,Oui,No,Fibre,1380.400,Month-to-month,1,Electronic check,18,No
SOQXL21648,1,0,1,F,20.050,Oui,No,Non,406.050,Month-to-month,0,Mailed check,20,No
CPCBC93065,0,0,0,F,74.250,Oui,Yes,Fibre,210.300,Month-to-month,1,Electronic check,3,Yes
SKGRX89759,1,0,0,H,116.100,Oui,Yes,Fibre,8310.550,Two year,1,Bank transfer (automatic),71,No
XRIKE81891,0,1,0,F,90.950,Oui,No,Fibre,2897.950,Month-to-month,0,Electronic check,32,No
YLVKJ05065,1,0,1,H,20.200,Oui,No,Non,917.450,Two year,1,Mailed check,46,No
QVGAW20075,1,0,1,F,19.350,Oui,No,Non,1292.650,Two year,1,Bank transfer (automatic),68,No
ZTEOB02531,1,0,1,F,79.650,Oui,Yes,ADSL,3870.300,Two year,0,Electronic check,48,No
NRXKX46291,1,0,1,F,70.400,Oui,No,Fibre,147.150,Month-to-month,0,Electronic check,2,Yes
YDIXR82685,1,0,0,H,93.150,Oui,Yes,Fibre,5253.950,One year,1,Electronic check,56,No
TTNYJ15694,1,0,0,H,78.750,Oui,Yes,Fibre,412.100,Month-to-month,1,Electronic check,5,Yes
KPJIP40907,0,0,0,F,74.950,Oui,Yes,Fibre,212.400,Month-to-month,1,Electronic check,3,No
IRCFR53122,1,0,1,F,92.850,Oui,Yes,Fibre,5980.750,One year,1,Electronic check,64,No
VTYID92245,1,0,1,H,90.500,Oui,Yes,ADSL,4318.350,Two year,1,Mailed check,47,No
ENZGF37968,1,0,0,H,67.250,Oui,Yes,ADSL,4234.150,Two year,0,Mailed check,63,No
BOWSO00985,0,0,0,H,19.400,Oui,No,Non,529.800,Month-to-month,1,Electronic check,27,No
VHUBQ17328,1,1,1,F,70.550,Oui,No,Fibre,3309.250,Month-to-month,0,Bank transfer (automatic),47,Yes
JSDKI50757,0,0,0,F,24.450,Oui,Yes,Non,1493.100,Two year,0,Electronic check,59,No
XEFWH06204,1,0,1,H,18.850,Oui,No,Non,84.200,Month-to-month,0,Mailed check,4,No
APGRB01646,0,0,0,F,114.900,Oui,Yes,Fibre,8496.700,Two year,1,Electronic check,72,No
LUTYD99874,0,0,0,F,55.150,Oui,No,ADSL,742.900,One year,0,Mailed check,13,No
XJQFU50676,1,1,1,H,108.450,Oui,Yes,Fibre,7076.350,One year,1,Electronic check,66,No
DHJGV62232,0,0,0,F,20.650,Oui,No,Non,958.100,One year,1,Mailed check,42,No
RSRRW01146,1,0,0,F,19.950,Oui,No,Non,187.750,Month-to-month,1,Bank transfer (automatic),10,No
FMOKZ26569,0,1,0,F,74.450,Oui,Yes,Fibre,1145.700,Month-to-month,1,Mailed check,15,Yes
POCUI65682,1,0,0,F,95.200,Oui,No,Fibre,4285.800,Two year,1,Credit card (automatic),45,No
WMRBW74459,0,0,0,F,73.850,Oui,Yes,ADSL,3581.400,One year,1,Bank transfer (automatic),48,No
XADXF22094,0,0,0,F,25.250,Non,No phone service,ADSL,25.250,Month-to-month,0,Bank transfer (automatic),1,No
EWWZL25237,1,0,0,F,76.100,Oui,No,Fibre,2093.400,Month-to-month,1,Electronic check,27,No
UYAVB49036,1,0,0,H,19.350,Oui,No,Non,126.050,Month-to-month,0,Mailed check,5,Yes
SALNE22949,1,0,1,H,86.800,Oui,No,Fibre,1940.800,One year,0,Mailed check,23,No
NGXBJ24609,1,1,1,H,75.200,Oui,Yes,Fibre,775.300,Month-to-month,1,Credit card (automatic),11,No
JSSWH42388,1,1,0,F,102.050,Oui,Yes,Fibre,3452.550,Month-to-month,0,Bank transfer (automatic),35,No
GIGGQ63521,0,0,0,H,88.800,Oui,Yes,ADSL,5903.150,One year,1,Bank transfer (automatic),67,No
KHNJP55246,1,0,1,H,74.750,Oui,No,ADSL,2453.300,One year,0,Credit card (automatic),33,No
FHJBZ91277,1,0,1,H,114.000,Oui,Yes,Fibre,8093.150,Two year,1,Electronic check,72,No
XFJMR13607,1,0,0,F,109.700,Oui,Yes,Fibre,7344.450,One year,1,Credit card (automatic),67,No
CBCRA61472,1,0,0,F,20.050,Oui,No,Non,669.450,Month-to-month,0,Mailed check,33,No
EVZMJ45654,0,0,0,F,58.900,Oui,No,ADSL,2813.050,One year,1,Mailed check,47,No
IGKFF00118,1,1,0,H,98.000,Oui,No,Fibre,1237.850,Month-to-month,1,Electronic check,13,Yes
VCQOH79899,1,0,1,H,83.250,Oui,No,ADSL,1611.150,Month-to-month,0,Electronic check,18,No
CJKPV03786,1,0,0,F,112.100,Oui,Yes,Fibre,7965.950,Two year,0,Credit card (automatic),72,No
BOHSE89993,0,1,0,F,89.700,Oui,No,Fibre,1047.700,Month-to-month,0,Bank transfer (automatic),11,Yes
NHFRF55334,0,1,0,H,44.400,Non,No phone service,ADSL,265.800,Month-to-month,1,Electronic check,7,No
CFOSN66279,0,0,0,F,99.450,Oui,Yes,Fibre,5623.700,Month-to-month,1,Bank transfer (automatic),59,No
RQDAY16417,1,1,1,F,100.400,Oui,Yes,Fibre,3217.650,Month-to-month,1,Electronic check,32,No
LJULT21436,1,0,0,F,25.250,Oui,Yes,Non,1733.150,Two year,1,Credit card (automatic),67,No
IHLOO11422,0,0,0,F,87.550,Oui,No,Fibre,4475.900,One year,0,Credit card (automatic),51,No
VUVJN29315,1,1,0,F,94.050,Oui,Yes,Fibre,5483.900,One year,1,Electronic check,59,No
FRYVH11166,1,0,1,F,39.400,Non,No phone service,ADSL,1978.650,Two year,0,Mailed check,48,No
HJRLT80518,0,1,0,F,70.550,Oui,No,Fibre,70.550,Month-to-month,1,Electronic check,1,Yes
AERRL93474,1,0,0,H,19.300,Oui,No,Non,486.200,One year,0,Credit card (automatic),23,No
SGXHH20377,1,0,1,H,94.650,Oui,Yes,Fibre,3624.300,Month-to-month,1,Electronic check,38,Yes
HFWBO87489,1,0,1,H,19.900,Oui,No,Non,357.700,One year,0,Mailed check,19,No
OYWBN75763,0,1,0,H,76.050,Oui,Yes,Fibre,231.800,Month-to-month,1,Electronic check,3,Yes
DHUTR26754,1,1,0,H,98.900,Oui,Yes,Fibre,5780.700,Month-to-month,1,Electronic check,58,No
DZKRF68449,0,0,0,H,50.200,Oui,No,ADSL,109.250,Month-to-month,1,Credit card (automatic),2,No
LDTTC08678,0,0,0,H,75.150,Oui,No,ADSL,392.650,Month-to-month,0,Bank transfer (automatic),5,No
EFAEP00197,0,0,0,F,101.300,Oui,Yes,Fibre,7261.250,Two year,1,Bank transfer (automatic),72,No
VRRTK66896,0,1,0,F,109.800,Oui,Yes,Fibre,4860.350,One year,1,Credit card (automatic),44,No
EFBJY23323,0,0,0,H,19.700,Oui,No,Non,342.400,Month-to-month,1,Mailed check,16,Yes
IHLEI53115,0,0,0,H,50.950,Non,No phone service,ADSL,605.750,Month-to-month,1,Bank transfer (automatic),12,No
HWIML29903,0,0,0,F,89.500,Oui,No,Fibre,573.300,Month-to-month,1,Electronic check,6,Yes
HBPBS71342,0,1,0,F,108.100,Oui,Yes,Fibre,7774.050,Two year,1,Bank transfer (automatic),72,No
UPNKS65102,0,0,0,F,24.800,Oui,Yes,Non,615.350,One year,0,Credit card (automatic),23,No
JSNFM95652,0,0,0,H,70.450,Oui,No,Fibre,2597.600,One year,1,Bank transfer (automatic),38,Yes
JEWRQ39469,1,0,0,H,95.200,Oui,Yes,Fibre,4563.000,One year,1,Credit card (automatic),47,No
ZQGEA85409,1,0,0,F,20.050,Oui,No,Non,1102.400,Two year,0,Credit card (automatic),54,No
RXDGG77186,1,0,0,H,68.600,Oui,No,Fibre,1108.600,Month-to-month,1,Bank transfer (automatic),15,No
CEBID56095,0,1,0,F,94.100,Oui,Yes,Fibre,1782.400,Month-to-month,1,Electronic check,20,Yes
VCCPB79161,1,0,1,F,73.250,Oui,No,Fibre,1195.750,Month-to-month,0,Bank transfer (automatic),16,No
GIRWB64579,0,0,0,H,69.350,Oui,No,Fibre,69.350,Month-to-month,1,Electronic check,1,Yes
ZGQGL63664,0,0,0,H,24.800,Non,No phone service,ADSL,24.800,Month-to-month,0,Bank transfer (automatic),1,Yes
NOOVA53102,0,0,0,H,19.950,Oui,No,Non,907.050,Two year,0,Electronic check,46,No
BNRLG07275,0,0,0,H,97.650,Oui,Yes,Fibre,6743.550,Two year,1,Credit card (automatic),69,No
FECYY61726,1,0,1,H,84.500,Oui,Yes,Fibre,4254.850,Month-to-month,0,Electronic check,49,Yes
UGLLK59444,0,0,0,H,54.900,Non,No phone service,ADSL,3045.750,One year,0,Credit card (automatic),53,No
JPFYW10159,0,0,1,H,19.450,Oui,No,Non,136.750,One year,0,Mailed check,7,No
XWFZQ39829,1,0,0,F,50.250,Oui,Yes,ADSL,2203.650,Month-to-month,1,Electronic check,42,Yes
XCSLJ43167,0,0,1,H,50.300,Oui,No,ADSL,846.800,Month-to-month,1,Mailed check,17,No
IKDZA90509,0,1,0,F,81.500,Oui,No,Fibre,162.550,Month-to-month,0,Mailed check,2,No
DKUCO67284,1,0,1,F,104.150,Oui,Yes,Fibre,7303.050,One year,1,Electronic check,72,No
BGFMZ05364,1,0,0,F,20.500,Oui,No,Non,563.050,Month-to-month,0,Mailed check,28,No
JQYUN89927,1,0,0,H,50.350,Non,No phone service,ADSL,50.350,Month-to-month,1,Electronic check,1,Yes
RZJYU35407,0,0,0,F,86.200,Oui,No,Fibre,1270.200,Month-to-month,0,Electronic check,15,Yes
NTDOH54816,1,1,0,F,107.050,Oui,Yes,Fibre,7142.500,One year,1,Credit card (automatic),67,No
FEGMU08978,1,0,0,F,99.500,Oui,Yes,Fibre,1056.950,Month-to-month,1,Electronic check,11,Yes
FMFXO25309,1,0,1,H,103.200,Oui,Yes,Fibre,5873.750,Two year,1,Electronic check,56,No
WYNSR84676,0,0,0,H,55.100,Oui,No,ADSL,1253.150,Month-to-month,0,Mailed check,22,No
LNFVV49764,1,1,0,H,34.300,Non,No phone service,ADSL,577.150,Month-to-month,1,Credit card (automatic),19,No
EQPZR10517,1,0,1,F,19.600,Oui,No,Non,780.250,Month-to-month,0,Mailed check,44,No
KWMXE43073,0,0,0,H,35.750,Non,No phone service,ADSL,389.800,Month-to-month,0,Electronic check,10,No
GRUIK17699,0,0,0,F,71.100,Oui,No,Fibre,1247.750,Month-to-month,1,Electronic check,18,No
HHGGS47742,1,0,0,H,19.050,Oui,No,Non,637.550,Two year,0,Mailed check,30,No
VCPFK45019,0,0,0,H,35.750,Non,No phone service,ADSL,1022.500,Month-to-month,0,Electronic check,26,No
IFSDP50894,1,0,0,F,109.450,Oui,Yes,Fibre,6144.550,Two year,1,Bank transfer (automatic),58,Yes
BIHHD95267,0,0,0,H,29.700,Non,No phone service,ADSL,29.700,Month-to-month,0,Mailed check,1,Yes
RNGBH51745,0,0,0,F,66.250,Oui,No,ADSL,620.550,Month-to-month,0,Mailed check,9,Yes
XRIEN36965,0,0,0,F,82.500,Oui,Yes,ADSL,4179.100,One year,1,Credit card (automatic),50,No
NRBTZ61745,0,0,0,H,30.750,Non,No phone service,ADSL,1489.300,One year,1,Bank transfer (automatic),46,No
BUETV86609,0,0,0,F,44.750,Oui,No,ADSL,148.050,Month-to-month,0,Mailed check,3,No
OQSPS15964,0,0,0,F,51.100,Oui,No,ADSL,531.150,Month-to-month,0,Electronic check,11,No
AYBAA71479,0,0,0,H,70.350,Oui,No,Fibre,2552.900,Month-to-month,1,Mailed check,37,No
FVPTA01564,1,0,0,H,54.200,Oui,No,ADSL,1152.700,Month-to-month,1,Electronic check,22,Yes
WOSBC38738,1,0,0,H,25.600,Oui,Yes,Non,1784.900,Two year,0,Credit card (automatic),67,No
DSDFQ80481,0,0,0,H,20.200,Oui,No,Non,20.200,Month-to-month,0,Mailed check,1,No
XAIXZ59394,0,0,0,F,56.100,Oui,Yes,ADSL,1033.900,Month-to-month,1,Mailed check,19,No
TVGUR07098,0,1,0,F,74.550,Oui,Yes,Fibre,622.900,Month-to-month,1,Electronic check,9,Yes
GEFRM46863,1,0,0,H,98.700,Oui,Yes,Fibre,6858.900,Two year,1,Bank transfer (automatic),70,No
ZLLIG18452,0,0,0,H,50.150,Oui,No,ADSL,50.150,Month-to-month,1,Mailed check,1,No
NYMVI83507,0,0,0,F,41.100,Non,No phone service,ADSL,1597.050,Month-to-month,0,Bank transfer (automatic),39,No
GZLDO50288,0,0,0,H,70.700,Oui,No,Fibre,140.700,Month-to-month,0,Credit card (automatic),2,Yes
SNVCK11259,0,1,0,F,43.800,Oui,No,ADSL,2106.050,Month-to-month,0,Mailed check,49,No
VENRZ73198,0,0,0,H,64.300,Oui,No,ADSL,445.950,Month-to-month,0,Bank transfer (automatic),7,No
HDOEW31659,1,0,1,H,45.850,Oui,No,ADSL,45.850,Month-to-month,1,Mailed check,1,Yes
UWKHF69599,0,0,0,H,42.900,Oui,No,ADSL,42.900,Month-to-month,1,Electronic check,1,Yes
EXYQL00937,0,1,0,F,91.550,Oui,No,Fibre,3673.600,Month-to-month,1,Electronic check,40,No
YVGSJ36123,1,0,0,F,24.450,Oui,Yes,Non,1681.600,Two year,1,Credit card (automatic),71,No
CLBZW85654,0,0,0,H,89.850,Oui,Yes,Fibre,2165.050,Month-to-month,1,Mailed check,24,Yes
SZQAS89675,0,0,0,F,50.450,Oui,No,ADSL,765.450,Month-to-month,0,Electronic check,14,No
CRUVC77894,1,1,0,F,94.200,Oui,Yes,Fibre,5895.450,Month-to-month,1,Credit card (automatic),61,No
XWXCE01341,0,1,0,F,74.850,Oui,No,ADSL,3268.050,One year,0,Bank transfer (automatic),44,No
SPOOW05059,1,0,0,F,19.800,Oui,No,Non,1397.650,Two year,0,Bank transfer (automatic),70,No
KICAO78013,0,0,0,F,74.150,Oui,Yes,Fibre,1345.750,Month-to-month,1,Electronic check,18,No
USHJS76036,0,0,1,H,73.750,Oui,Yes,Fibre,871.400,Month-to-month,1,Credit card (automatic),12,Yes
ZTWSM96595,1,1,0,H,107.350,Oui,Yes,Fibre,7051.950,One year,1,Bank transfer (automatic),66,No
VPNET76212,1,0,0,F,85.900,Oui,Yes,Fibre,3729.750,Month-to-month,1,Credit card (automatic),42,No
FEKLD17324,0,0,0,F,94.750,Oui,Yes,Fibre,5121.750,One year,1,Bank transfer (automatic),54,No
YJBCS11228,1,0,0,H,53.650,Oui,No,ADSL,3804.400,One year,1,Credit card (automatic),69,No
DYUOB61848,1,0,0,F,19.600,Oui,No,Non,55.250,Month-to-month,1,Mailed check,3,No
FLDFB67112,0,0,0,F,74.900,Oui,Yes,Fibre,541.150,Month-to-month,1,Electronic check,7,Yes
MMEIL58219,1,0,0,F,19.900,Oui,No,Non,1115.600,Two year,0,Bank transfer (automatic),57,No
WKZGT96854,0,1,0,H,74.950,Oui,Yes,Fibre,1036.750,Month-to-month,1,Electronic check,14,Yes
JEFDW49055,0,0,0,H,41.600,Non,No phone service,ADSL,470.600,One year,1,Electronic check,11,Yes
XLACS62607,0,0,0,H,19.700,Oui,No,Non,117.800,One year,0,Mailed check,4,No
CWYHH85978,0,0,0,H,94.350,Oui,Yes,Fibre,3921.300,One year,0,Mailed check,43,No
QQJYD36588,0,0,0,H,74.300,Oui,No,ADSL,4698.050,One year,1,Credit card (automatic),62,No
DXNEG21805,0,0,0,F,96.000,Oui,No,Fibre,1062.100,Month-to-month,1,Electronic check,12,Yes
GSSJX72668,1,0,1,H,20.450,Oui,No,Non,250.800,Month-to-month,1,Electronic check,11,No
QMDDL54389,1,0,0,F,59.800,Oui,No,ADSL,1130.850,Month-to-month,1,Mailed check,19,No
RYCRE43938,0,0,0,H,106.050,Oui,No,Fibre,4510.800,One year,1,Electronic check,44,No
MBHEV70727,1,1,1,F,78.100,Oui,Yes,Fibre,864.850,Month-to-month,1,Credit card (automatic),11,No
ICXCT96758,1,0,1,H,80.800,Oui,No,ADSL,5728.550,Two year,1,Electronic check,72,No
NENYN66802,0,0,0,F,104.600,Oui,Yes,Fibre,4759.850,Two year,1,Electronic check,43,Yes
XQEMT14491,0,0,0,H,19.800,Oui,No,Non,58.150,Month-to-month,1,Mailed check,3,Yes
CYIDZ64589,0,1,0,F,80.700,Oui,No,Fibre,374.800,Month-to-month,0,Electronic check,5,No
WACZW11427,0,0,0,H,29.850,Non,No phone service,ADSL,75.600,Month-to-month,0,Bank transfer (automatic),2,Yes
VKTGC33017,1,0,1,H,85.500,Oui,Yes,Fibre,5696.600,One year,1,Bank transfer (automatic),68,No
IRFIH52445,1,1,0,H,94.500,Oui,Yes,Fibre,3105.550,Month-to-month,1,Electronic check,33,Yes
DHSMV47182,0,0,0,F,35.800,Non,No phone service,ADSL,363.150,Month-to-month,1,Mailed check,11,No
FZYSA18913,1,1,0,H,89.950,Oui,Yes,Fibre,6143.150,Month-to-month,1,Electronic check,69,Yes
LBJQJ14691,1,0,0,F,105.200,Oui,Yes,Fibre,6936.850,Month-to-month,1,Electronic check,66,No
BNPJY41151,1,0,1,H,75.550,Oui,No,ADSL,2054.400,Two year,0,Mailed check,29,No
LCIMN46089,1,0,1,H,44.650,Oui,No,ADSL,369.150,Month-to-month,0,Bank transfer (automatic),8,No
ITGIC54562,1,1,0,H,64.450,Non,No phone service,ADSL,4641.100,Two year,1,Credit card (automatic),72,No
TGTKO17678,1,0,1,F,45.450,Oui,No,ADSL,411.750,Month-to-month,1,Electronic check,8,No
WINES23253,0,0,0,F,104.050,Oui,Yes,Fibre,3416.850,One year,1,Credit card (automatic),32,No
GMVGI81291,1,0,1,F,20.050,Oui,No,Non,1090.100,Two year,0,Mailed check,56,No
OUQEC09403,0,0,0,H,80.700,Oui,Yes,Fibre,788.800,Month-to-month,1,Bank transfer (automatic),10,Yes
KCJLT23482,1,0,0,F,61.500,Oui,No,ADSL,2722.200,One year,1,Mailed check,44,No
CVKMU04615,1,0,1,F,83.800,Oui,No,Fibre,1900.250,Month-to-month,0,Electronic check,23,Yes
VFYVK12157,0,0,0,F,48.250,Non,No phone service,ADSL,202.250,Month-to-month,0,Mailed check,4,No
IPYLT40725,1,0,1,F,51.050,Oui,No,ADSL,1815.000,Month-to-month,0,Credit card (automatic),36,No
ITPWD61734,1,0,0,H,83.350,Oui,Yes,Fibre,4065.000,Month-to-month,1,Bank transfer (automatic),47,Yes
KBFIT73891,1,0,1,F,30.250,Non,No phone service,ADSL,63.750,Month-to-month,1,Mailed check,2,No
EBJQB07318,1,0,1,F,20.400,Oui,No,Non,1090.650,One year,1,Electronic check,52,No
WZLNC73305,0,0,0,F,90.800,Oui,Yes,Fibre,455.500,Month-to-month,1,Electronic check,5,Yes
MOJJJ90551,1,0,1,F,65.800,Oui,No,ADSL,4068.000,One year,0,Mailed check,64,No
UJOEL99926,0,0,0,H,50.300,Oui,No,ADSL,92.750,Month-to-month,1,Mailed check,2,No
DMKAE83881,0,0,0,F,20.250,Oui,No,Non,174.650,Two year,0,Mailed check,8,No
WFQWU26195,0,0,0,F,70.150,Oui,No,Fibre,70.150,Month-to-month,1,Mailed check,1,Yes
FLGGQ78511,0,0,0,H,44.650,Non,No phone service,ADSL,44.650,Month-to-month,1,Mailed check,1,Yes
JZFVG71394,1,0,1,H,60.500,Oui,No,ADSL,3694.450,Two year,0,Bank transfer (automatic),60,No
PZOBW37715,0,0,0,H,90.700,Oui,Yes,Fibre,1781.350,Month-to-month,1,Credit card (automatic),20,No
ZEECP37338,1,0,1,H,51.100,Oui,No,ADSL,1232.900,Month-to-month,1,Electronic check,22,No
ZHGPK49062,1,0,1,H,70.700,Oui,Yes,ADSL,3770.000,One year,1,Electronic check,54,No
DKZTW74399,0,0,0,H,80.550,Oui,No,Fibre,80.550,Month-to-month,1,Electronic check,1,No
HODOV25921,0,0,0,H,19.300,Oui,No,Non,259.650,One year,0,Credit card (automatic),13,No
VVKWT78262,1,1,1,F,96.550,Oui,No,Fibre,2263.450,Two year,1,Electronic check,24,No
TJVOA16583,0,1,0,F,74.100,Oui,No,Fibre,450.900,Month-to-month,1,Electronic check,6,No
LYPMQ24398,1,1,0,H,102.600,Oui,Yes,Fibre,4009.200,Month-to-month,1,Electronic check,38,No
LDUXP75963,0,0,0,F,85.150,Oui,No,Fibre,979.050,One year,1,Credit card (automatic),12,No
QCSSM45246,0,0,0,H,44.650,Non,No phone service,ADSL,1156.550,Month-to-month,1,Bank transfer (automatic),26,No
VGHTO78168,1,0,1,F,40.550,Non,No phone service,ADSL,217.500,Two year,0,Mailed check,6,No
IGHWF30924,1,0,1,H,87.400,Oui,Yes,Fibre,5918.800,One year,0,Electronic check,67,Yes
QVXLR66463,1,1,0,H,103.750,Oui,Yes,Fibre,6383.350,One year,1,Electronic check,62,Yes
KGVOX90747,1,0,1,H,39.450,Non,No phone service,ADSL,2021.350,Month-to-month,1,Credit card (automatic),50,No
XGYAZ53604,1,0,1,H,65.650,Non,No phone service,ADSL,4664.500,Two year,1,Bank transfer (automatic),72,No
WYROK03549,1,1,1,F,98.900,Oui,No,Fibre,2911.300,Month-to-month,1,Electronic check,31,Yes
OGKQZ97786,1,0,0,H,92.000,Oui,Yes,ADSL,6782.150,Two year,1,Credit card (automatic),72,No
JPIAM41394,0,0,0,H,44.450,Non,No phone service,ADSL,2181.550,Month-to-month,1,Credit card (automatic),51,No
JEZTU37277,0,0,0,F,20.400,Oui,No,Non,20.400,Month-to-month,0,Mailed check,1,No
IYOIJ38822,1,0,1,F,115.250,Oui,Yes,Fibre,6758.450,Two year,0,Credit card (automatic),60,No
UPJSI43355,0,0,1,F,19.750,Oui,No,Non,498.100,Two year,0,Mailed check,24,No
OYPDY77609,0,0,0,F,80.650,Oui,No,Fibre,144.150,Month-to-month,1,Electronic check,2,Yes
WBJYI77866,0,0,0,F,77.950,Oui,Yes,Fibre,305.550,Month-to-month,0,Bank transfer (automatic),4,Yes
HLENU41023,1,0,0,F,65.650,Oui,Yes,ADSL,4322.850,Two year,0,Mailed check,67,No
UPSKJ77182,1,0,0,F,106.400,Oui,No,Fibre,7251.900,One year,1,Credit card (automatic),69,No
PFEUZ41109,0,0,0,F,69.550,Oui,No,Fibre,69.550,Month-to-month,0,Mailed check,1,Yes
VHXQO37683,1,0,0,H,24.850,Oui,Yes,Non,1583.500,Two year,0,Credit card (automatic),67,No
ZTDHO30276,0,0,0,H,89.900,Oui,No,Fibre,89.900,Month-to-month,1,Electronic check,1,Yes
QTJNO48332,1,1,0,H,83.850,Oui,Yes,Fibre,5588.800,Month-to-month,0,Bank transfer (automatic),67,No
YEAYS01413,0,1,0,F,86.450,Oui,Yes,Fibre,2401.050,Month-to-month,1,Bank transfer (automatic),27,No
WMWVG98223,0,0,0,F,106.500,Oui,Yes,Fibre,4282.400,Month-to-month,1,Electronic check,41,No
TOALD76655,0,0,0,F,69.600,Oui,No,Fibre,69.600,Month-to-month,1,Electronic check,1,Yes
XWQHA50272,0,0,0,H,44.750,Oui,No,ADSL,270.950,Month-to-month,0,Electronic check,6,Yes
JUBUO94432,1,0,1,H,65.250,Non,No phone service,ADSL,4478.850,Two year,1,Credit card (automatic),72,No
ZUSFD23255,1,0,1,F,70.100,Oui,No,ADSL,3913.300,One year,1,Bank transfer (automatic),57,Yes
PBDIN69535,1,0,0,H,72.950,Oui,Yes,ADSL,5265.550,Two year,0,Bank transfer (automatic),70,No
ZVOUO32475,1,1,0,H,85.550,Oui,Yes,Fibre,851.750,Month-to-month,0,Electronic check,10,Yes
CZTTH66294,0,0,0,H,55.700,Oui,No,ADSL,55.700,Month-to-month,1,Mailed check,1,Yes
LVPNX21764,0,1,0,F,89.850,Oui,Yes,ADSL,6293.450,Two year,0,Mailed check,71,No
SQFSW95051,1,0,1,F,40.300,Non,No phone service,ADSL,92.500,Month-to-month,0,Mailed check,3,No
GUHPV17056,0,0,0,F,24.200,Oui,Yes,Non,1618.200,Two year,0,Mailed check,63,No
DKUQH79783,1,0,0,F,74.600,Oui,No,Fibre,1797.750,Month-to-month,1,Electronic check,25,No
RGIRO76086,0,0,1,H,24.400,Oui,Yes,Non,1413.000,Two year,1,Mailed check,62,No
BPOMJ38074,1,0,0,F,94.750,Oui,No,Fibre,5276.100,One year,1,Electronic check,55,No
UOTYM19607,1,0,1,H,79.200,Oui,No,ADSL,4016.300,Two year,0,Electronic check,52,No
ARGQJ95603,0,0,1,F,81.000,Oui,No,Fibre,1312.150,Month-to-month,1,Electronic check,16,Yes
DMSFH52946,1,0,1,F,87.800,Oui,No,Fibre,2621.750,Month-to-month,1,Credit card (automatic),29,No
ITVKB24859,1,0,0,F,35.100,Non,No phone service,ADSL,68.750,Month-to-month,1,Electronic check,2,Yes
HYCDE79676,0,0,0,H,70.700,Oui,No,Fibre,553.400,Month-to-month,0,Bank transfer (automatic),8,No
DQWAQ21351,0,0,0,F,85.300,Oui,No,Fibre,420.450,Month-to-month,1,Mailed check,5,No
IZEPB53968,0,0,0,H,19.700,Oui,No,Non,180.700,Month-to-month,0,Credit card (automatic),9,No
UGGSO60228,0,1,0,F,74.400,Oui,No,Fibre,2276.950,Month-to-month,1,Electronic check,32,Yes
HLVXI79719,1,0,1,H,84.500,Oui,Yes,Fibre,6130.850,Two year,1,Credit card (automatic),72,No
XSNYE70212,1,0,1,H,49.650,Non,No phone service,ADSL,305.550,Two year,0,Credit card (automatic),7,No
PHGZF19867,0,1,0,H,58.400,Oui,Yes,ADSL,964.900,Month-to-month,1,Credit card (automatic),18,No
MUEYH51183,1,0,0,F,105.100,Oui,Yes,Fibre,5083.550,Month-to-month,1,Credit card (automatic),48,No
NFECX38415,1,1,0,F,96.350,Oui,Yes,Fibre,6766.950,Two year,1,Credit card (automatic),71,No
JCHRQ34946,0,0,0,H,70.050,Oui,No,Fibre,70.050,Month-to-month,1,Electronic check,1,Yes
VHLUL54404,0,0,0,H,105.200,Oui,Yes,Fibre,7386.050,One year,1,Bank transfer (automatic),69,No
HMWUU31541,1,0,0,H,20.500,Oui,No,Non,1198.800,Two year,1,Bank transfer (automatic),60,No
ATFGB06164,1,1,0,H,25.050,Non,No phone service,ADSL,25.050,Month-to-month,0,Electronic check,1,Yes
FBDFF26078,0,0,0,H,49.000,Oui,No,ADSL,49.000,Month-to-month,0,Credit card (automatic),1,No
LNXKW37173,1,0,0,H,91.700,Oui,Yes,Fibre,3479.050,Month-to-month,0,Bank transfer (automatic),38,No
EZFZY13367,0,0,0,F,20.050,Oui,No,Non,83.300,Month-to-month,0,Mailed check,4,No
MLBUN79543,0,0,0,H,99.450,Oui,No,Fibre,3109.900,Two year,0,Bank transfer (automatic),31,No
JPPHA66465,0,1,0,F,78.850,Oui,No,Fibre,1043.800,Month-to-month,0,Electronic check,14,No
SMEOE00135,1,1,0,F,109.700,Oui,No,Fibre,7904.250,Two year,1,Bank transfer (automatic),71,No
TNQGW98785,0,0,0,H,80.950,Oui,No,Fibre,171.150,Month-to-month,1,Electronic check,2,Yes
IQHWP97771,1,0,1,H,93.400,Oui,Yes,Fibre,5822.300,Two year,0,Bank transfer (automatic),64,No
BFQHT05706,0,0,0,F,80.550,Oui,No,Fibre,653.900,Month-to-month,0,Electronic check,9,No
MVEHD52859,1,0,0,F,105.600,Oui,No,Fibre,6068.650,One year,1,Credit card (automatic),56,No
FPDLG90937,0,0,0,F,94.200,Oui,No,Fibre,999.900,Month-to-month,1,Electronic check,11,No
YXSMW28486,1,0,1,H,19.400,Oui,No,Non,1363.250,Two year,0,Credit card (automatic),72,No
QXPXW09708,0,0,0,F,19.650,Oui,No,Non,19.650,Month-to-month,0,Mailed check,1,No
AHJXR25223,1,0,0,H,109.450,Oui,Yes,Fibre,6572.850,Month-to-month,1,Bank transfer (automatic),60,No
WSLOY93738,1,1,0,H,50.000,Non,No phone service,ADSL,1750.850,Month-to-month,1,Electronic check,33,No
BWBML42774,1,0,1,H,19.950,Oui,No,Non,1322.850,Two year,0,Bank transfer (automatic),72,No
UZDLF61563,0,0,0,F,87.150,Oui,No,Fibre,2274.100,One year,1,Credit card (automatic),26,No
TOVMS03788,0,0,0,F,85.800,Oui,No,Fibre,272.200,Month-to-month,0,Electronic check,3,Yes
QBZFP24366,1,0,1,F,39.200,Non,No phone service,ADSL,849.900,Month-to-month,0,Electronic check,22,No
XRIUO34024,1,1,0,F,63.550,Oui,Yes,ADSL,1381.800,Month-to-month,1,Mailed check,22,No
BSTRX49297,0,0,0,F,53.550,Oui,No,ADSL,53.550,Month-to-month,1,Mailed check,1,Yes
INHLN02851,1,0,1,H,54.750,Oui,No,ADSL,1510.300,Month-to-month,1,Credit card (automatic),27,No
EQDRN45017,0,0,0,F,69.700,Oui,No,Fibre,69.700,Month-to-month,0,Bank transfer (automatic),1,Yes
CNPZE03371,0,0,0,F,106.300,Oui,Yes,Fibre,4443.450,Month-to-month,1,Electronic check,41,Yes
QAGFO22721,0,1,0,F,74.300,Oui,Yes,Fibre,1096.250,Month-to-month,1,Electronic check,14,Yes
QPKTE50272,1,0,0,H,69.350,Oui,No,Fibre,451.100,Month-to-month,1,Electronic check,7,Yes
BHIXO54238,0,0,0,F,54.200,Oui,Yes,ADSL,1739.600,Month-to-month,1,Electronic check,32,No
CECEE13382,1,0,1,H,68.500,Oui,Yes,ADSL,2839.950,One year,0,Bank transfer (automatic),41,No
GAXQD27181,1,1,1,F,46.000,Oui,No,ADSL,181.600,Month-to-month,0,Electronic check,4,Yes
WFJAI45214,0,0,0,H,25.950,Oui,Yes,Non,1444.050,Two year,1,Bank transfer (automatic),56,No
JORSO33364,0,1,0,F,110.450,Oui,Yes,Fibre,3655.450,Month-to-month,1,Electronic check,33,Yes
WUYWF54852,0,1,0,H,66.400,Oui,No,ADSL,94.550,Month-to-month,0,Bank transfer (automatic),2,Yes
WOZGU88687,0,0,0,H,105.700,Oui,Yes,Fibre,2979.500,Month-to-month,1,Electronic check,28,Yes
ZGQDF72466,0,0,1,F,54.500,Oui,No,ADSL,54.500,Month-to-month,0,Electronic check,1,No
MXRAV29676,1,0,1,H,18.800,Oui,No,Non,18.800,One year,0,Mailed check,1,No
ZUIYL45126,0,0,0,F,70.000,Oui,No,Fibre,153.050,Month-to-month,0,Bank transfer (automatic),2,Yes
LTMKD83613,1,1,0,H,74.400,Oui,Yes,Fibre,306.600,Month-to-month,1,Mailed check,4,Yes
NQBPF26974,0,0,0,H,105.350,Oui,Yes,Fibre,3540.650,Month-to-month,1,Electronic check,34,No
HXFNF68729,1,0,0,F,58.350,Oui,Yes,ADSL,3756.450,One year,0,Bank transfer (automatic),64,No
PQGDQ23305,1,0,1,H,84.200,Oui,Yes,Fibre,4299.750,One year,0,Bank transfer (automatic),51,No
BZLHI19307,0,0,0,H,20.350,Oui,No,Non,422.700,One year,1,Mailed check,21,No
AANRQ29996,0,0,0,F,71.050,Oui,No,ADSL,1524.850,Two year,0,Credit card (automatic),21,No
EFNBM51984,1,1,0,H,90.650,Oui,No,Fibre,5199.800,One year,1,Electronic check,57,No
UPYBR81851,1,0,0,H,75.500,Oui,Yes,Fibre,438.000,Month-to-month,1,Electronic check,6,Yes
INQIK57805,0,0,0,F,49.400,Oui,No,ADSL,408.250,Month-to-month,0,Electronic check,8,No
YBNAK67913,1,0,1,H,25.550,Non,No phone service,ADSL,467.850,Month-to-month,0,Credit card (automatic),18,No
FLJJF59311,1,1,0,H,70.100,Oui,No,Fibre,467.550,Month-to-month,1,Mailed check,7,Yes
FOYAS61315,0,0,0,H,59.600,Oui,Yes,ADSL,2094.900,Month-to-month,1,Electronic check,35,No
TBABQ59855,0,0,0,F,74.750,Oui,Yes,ADSL,2282.950,One year,0,Mailed check,32,No
IKFSE49987,0,0,0,F,100.450,Oui,Yes,Fibre,3096.900,Month-to-month,0,Electronic check,30,No
SLNIL60758,0,0,0,H,95.100,Oui,Yes,Fibre,3691.200,Month-to-month,1,Credit card (automatic),38,No
BUYWN72798,0,1,0,F,113.200,Oui,Yes,Fibre,4689.500,Month-to-month,1,Electronic check,41,Yes
IIWKZ53379,1,0,1,H,44.850,Non,No phone service,ADSL,1442.600,Month-to-month,1,Electronic check,34,No
JISKB36055,1,1,0,H,60.000,Oui,Yes,ADSL,3316.100,One year,0,Credit card (automatic),55,No
WTPYD22678,1,1,0,F,94.000,Oui,Yes,Fibre,5438.950,Month-to-month,0,Credit card (automatic),57,No
UCJHZ67973,1,1,0,F,104.600,Oui,Yes,Fibre,6819.450,One year,0,Credit card (automatic),66,No
GFZOR27164,1,0,0,H,86.100,Oui,No,Fibre,3551.650,Month-to-month,1,Credit card (automatic),43,No
HJZSM53931,1,0,1,F,76.300,Oui,No,ADSL,2404.150,Month-to-month,0,Bank transfer (automatic),32,No
XJZRC82037,0,0,0,H,20.250,Oui,No,Non,20.250,Month-to-month,0,Mailed check,1,No
PSXHK70139,0,0,0,F,80.750,Oui,Yes,ADSL,3208.650,One year,1,Mailed check,40,No
UXESG53125,0,0,0,F,98.050,Oui,Yes,Fibre,3990.600,Month-to-month,0,Bank transfer (automatic),41,No
EGCBI67418,0,1,0,H,90.500,Oui,Yes,Fibre,2595.850,Month-to-month,1,Credit card (automatic),30,No
IEUXJ62042,0,0,0,F,80.100,Oui,No,Fibre,217.550,Month-to-month,0,Credit card (automatic),3,Yes
BRMMA63532,1,0,1,F,104.100,Oui,Yes,Fibre,5645.800,Month-to-month,1,Bank transfer (automatic),54,No
JMOGN23444,1,0,0,H,94.850,Oui,No,Fibre,890.600,Month-to-month,1,Mailed check,9,Yes
MPJQO20779,1,1,0,H,75.400,Oui,Yes,Fibre,533.050,Month-to-month,1,Electronic check,7,No
TTVAX80913,1,0,0,H,100.350,Oui,Yes,Fibre,5681.100,One year,0,Credit card (automatic),58,No
RBKER69005,0,0,0,H,89.450,Oui,Yes,Fibre,4577.750,Two year,1,Credit card (automatic),52,No
QBEHW83198,0,0,1,H,39.950,Non,No phone service,ADSL,1023.750,One year,1,Bank transfer (automatic),26,No
LISIZ98602,0,0,0,F,20.350,Oui,No,Non,673.200,Month-to-month,0,Mailed check,34,No
XZZQI52068,0,0,0,H,80.600,Oui,No,Fibre,4348.100,Month-to-month,1,Mailed check,53,No
OFXHY95298,0,0,0,H,87.750,Oui,Yes,Fibre,1242.200,Month-to-month,1,Bank transfer (automatic),15,No
MIMXW17252,0,0,1,H,19.450,Oui,No,Non,19.450,Month-to-month,1,Mailed check,1,Yes
AHJKS43244,0,0,0,F,55.800,Oui,No,ADSL,300.400,Month-to-month,0,Credit card (automatic),5,No
TSRRM21333,0,0,1,F,105.350,Oui,No,Fibre,3688.600,Month-to-month,1,Bank transfer (automatic),34,No
ZMYOQ28094,0,0,0,F,101.350,Oui,Yes,Fibre,3334.900,Month-to-month,1,Electronic check,32,No
RMHCI40324,1,0,1,F,35.400,Non,No phone service,ADSL,1412.400,One year,0,Credit card (automatic),41,No
WQJUX84099,0,0,0,F,54.200,Non,No phone service,ADSL,1423.150,One year,0,Electronic check,25,No
YHDOE15365,1,0,1,H,62.100,Oui,Yes,ADSL,1096.650,One year,1,Mailed check,17,No
UKVZG11405,0,0,0,F,24.800,Oui,Yes,Non,475.250,Month-to-month,0,Mailed check,17,No
BJXIK29872,0,0,0,F,84.700,Oui,Yes,ADSL,5991.050,Two year,0,Mailed check,70,No
NCRDJ36537,1,0,1,H,19.200,Oui,No,Non,776.250,One year,1,Mailed check,43,No
CSLBQ93658,0,0,1,H,24.350,Oui,Yes,Non,1654.600,Two year,0,Mailed check,71,No
JQAIK82635,0,1,0,H,24.450,Non,No phone service,ADSL,47.500,Month-to-month,1,Mailed check,2,Yes
SRFEG34527,0,0,0,H,74.600,Oui,Yes,Fibre,3720.350,Month-to-month,1,Bank transfer (automatic),49,No
BEHZK59851,1,1,0,F,105.000,Oui,Yes,Fibre,7578.050,One year,0,Credit card (automatic),72,No
JCRGJ49935,0,0,0,H,84.300,Oui,Yes,Fibre,2281.600,Month-to-month,1,Mailed check,26,No
KXCGE11333,0,0,0,F,20.100,Oui,No,Non,407.050,One year,0,Mailed check,18,No
YYTYI65219,0,0,1,H,93.300,Oui,Yes,Fibre,93.300,Month-to-month,1,Electronic check,1,Yes
DWPZT61589,1,0,0,H,24.100,Non,No phone service,ADSL,259.800,One year,0,Bank transfer (automatic),9,Yes
MRGLV23053,1,0,0,H,76.550,Oui,No,Fibre,2065.400,Month-to-month,0,Bank transfer (automatic),28,No
LSCDV72937,1,0,1,F,19.250,Oui,No,Non,1103.250,Two year,1,Credit card (automatic),60,No
NHPPS29581,0,0,0,H,20.850,Oui,No,Non,473.900,Month-to-month,0,Electronic check,23,No
KVJFF21548,0,0,0,F,79.750,Oui,Yes,Fibre,1111.850,Month-to-month,1,Electronic check,15,Yes
YSEZE20384,0,0,0,F,67.450,Oui,Yes,ADSL,1801.100,Month-to-month,0,Mailed check,29,No
TPEUN24185,1,0,1,F,19.800,Oui,No,Non,1119.900,Two year,1,Credit card (automatic),56,No
HKBQX18776,0,0,0,F,54.600,Oui,No,ADSL,617.850,One year,1,Mailed check,11,No
JJMYL15448,0,0,0,H,69.350,Oui,No,ADSL,1927.300,One year,0,Credit card (automatic),27,No
SXDAG55832,1,0,0,H,70.000,Oui,No,Fibre,70.000,Month-to-month,0,Electronic check,1,Yes
JCOMS86466,1,0,0,F,90.550,Oui,Yes,Fibre,6130.950,One year,1,Bank transfer (automatic),66,No
QBXKL60488,0,1,0,F,56.550,Oui,Yes,ADSL,118.250,Month-to-month,1,Credit card (automatic),2,No
EXMNO89991,1,0,1,F,20.150,Oui,No,Non,387.700,Two year,0,Mailed check,19,No
SGYTS62426,1,0,1,H,94.950,Oui,Yes,Fibre,5791.850,One year,1,Credit card (automatic),62,No
OZDTJ46262,1,0,0,F,78.650,Oui,Yes,ADSL,3950.850,One year,1,Credit card (automatic),51,No
CSNBY40241,1,0,0,F,94.250,Oui,Yes,Fibre,6849.750,Two year,1,Bank transfer (automatic),72,No
LUEIZ41128,0,0,0,H,89.500,Oui,No,Fibre,863.100,Month-to-month,1,Electronic check,10,Yes
DFGTK62525,1,0,0,F,68.100,Oui,Yes,ADSL,2479.250,One year,0,Credit card (automatic),37,No
QVIJA44229,0,0,1,F,50.150,Oui,Yes,ADSL,1655.350,Month-to-month,0,Mailed check,35,No
CLTIC77663,0,0,0,F,60.950,Oui,No,ADSL,629.550,Month-to-month,1,Mailed check,10,No
SJVJK19344,0,0,0,H,20.150,Oui,No,Non,20.150,Month-to-month,0,Mailed check,1,Yes
UMPWX52606,1,0,1,F,20.250,Oui,No,Non,493.950,Month-to-month,1,Credit card (automatic),26,No
TPNFG42912,1,0,0,H,82.300,Oui,Yes,ADSL,5980.550,Two year,1,Bank transfer (automatic),72,No
AXVYP48036,0,1,0,F,99.550,Oui,Yes,Fibre,3734.250,Month-to-month,1,Electronic check,38,Yes
CGILN87842,0,0,0,F,99.850,Oui,Yes,Fibre,1776.950,Month-to-month,1,Bank transfer (automatic),18,Yes
HEPMB91507,0,0,0,H,52.700,Oui,No,ADSL,3019.700,One year,0,Mailed check,56,No
KLJYJ85705,0,0,0,F,54.450,Oui,Yes,ADSL,1893.500,One year,0,Mailed check,36,No
FOWNV90548,1,0,1,H,88.750,Oui,Yes,Fibre,1885.150,Month-to-month,1,Electronic check,22,No
HUWBM09605,1,0,1,H,104.100,Oui,Yes,Fibre,6700.050,Two year,1,Bank transfer (automatic),65,No
YWTYF11346,1,0,0,H,53.800,Oui,No,ADSL,1389.850,Month-to-month,1,Electronic check,27,No
WQZWT30029,0,0,0,F,74.200,Oui,Yes,Fibre,1993.250,Month-to-month,1,Electronic check,29,No
EMUBI26603,0,1,0,H,95.350,Oui,Yes,Fibre,898.350,Month-to-month,1,Electronic check,10,Yes
GCDPI27868,0,1,0,F,104.950,Oui,Yes,Fibre,5222.350,Month-to-month,1,Electronic check,50,No
FDRHP39145,0,0,0,H,86.250,Oui,No,Fibre,770.500,Month-to-month,0,Electronic check,9,No
XFESX02692,1,0,1,H,24.350,Oui,Yes,Non,538.500,One year,0,Mailed check,23,No
ODSGN76195,1,0,1,H,54.750,Oui,Yes,ADSL,1338.150,Month-to-month,0,Electronic check,24,Yes
WVTQJ20437,1,0,0,H,55.700,Oui,No,ADSL,55.700,Month-to-month,0,Mailed check,1,No
RVBPI03849,0,0,0,H,64.400,Oui,No,ADSL,1398.600,Month-to-month,0,Credit card (automatic),20,No
XSZPU03789,1,0,0,H,60.300,Oui,No,ADSL,3563.800,One year,0,Credit card (automatic),58,Yes
GIBVH55298,0,0,0,F,20.150,Oui,No,Non,1046.200,Two year,0,Mailed check,47,No
OCWHC73221,1,1,0,H,93.050,Oui,Yes,Fibre,6735.050,Two year,1,Bank transfer (automatic),72,No
IJJEG87355,1,0,0,H,50.200,Oui,No,ADSL,668.850,Month-to-month,0,Credit card (automatic),14,No
XGRVL80504,1,0,1,F,54.750,Oui,No,ADSL,3425.350,One year,0,Credit card (automatic),62,No
WHAFZ48468,1,1,0,F,76.500,Oui,Yes,Fibre,2868.150,Month-to-month,1,Electronic check,37,Yes
CQGPN69071,0,0,0,H,34.300,Non,No phone service,ADSL,1004.750,Month-to-month,0,Electronic check,29,No
XGJDU39707,0,0,0,F,19.200,Oui,No,Non,1123.650,Two year,1,Credit card (automatic),62,No
WUXGY86312,0,0,1,F,99.800,Oui,No,Fibre,4391.250,Month-to-month,1,Electronic check,46,No
HKQFK72186,1,0,0,H,94.200,Oui,No,Fibre,167.500,Month-to-month,1,Electronic check,2,Yes
ATMLK62127,0,0,0,F,95.700,Oui,Yes,Fibre,4729.750,Month-to-month,1,Electronic check,50,No
AZYZY86257,1,0,0,H,104.650,Oui,Yes,Fibre,2542.450,Month-to-month,1,Electronic check,24,Yes
BTPUX77404,1,1,0,H,113.600,Oui,Yes,Fibre,6292.700,Two year,1,Electronic check,55,No
LIHMK88691,0,0,0,F,115.100,Oui,Yes,Fibre,7334.050,Two year,1,Bank transfer (automatic),64,No
UKAAQ49512,0,0,0,F,88.950,Oui,Yes,Fibre,355.200,Month-to-month,1,Electronic check,4,Yes
JDRDS66249,0,0,0,F,29.450,Non,No phone service,ADSL,161.450,Month-to-month,0,Bank transfer (automatic),6,No
RBGPE05138,1,0,1,H,62.800,Oui,Yes,ADSL,2278.750,Two year,1,Credit card (automatic),37,No
FZSDJ38367,1,1,0,H,24.850,Oui,Yes,Non,1901.000,Two year,0,Bank transfer (automatic),71,No
LOPVR13012,1,0,1,H,55.350,Non,No phone service,ADSL,1636.950,One year,1,Credit card (automatic),29,No
NITWS74792,0,0,0,H,89.350,Oui,Yes,Fibre,631.850,Month-to-month,1,Credit card (automatic),7,Yes
UUMZW33126,1,0,0,H,98.850,Oui,Yes,Fibre,3145.900,Month-to-month,1,Credit card (automatic),32,No
FUALY00608,1,0,0,F,94.750,Oui,Yes,Fibre,5597.650,Month-to-month,1,Electronic check,59,No
JUUBZ29858,1,0,1,H,74.550,Oui,Yes,ADSL,3015.750,Month-to-month,1,Electronic check,40,No
ETTFF50167,0,0,0,H,29.500,Non,No phone service,ADSL,255.250,Month-to-month,0,Mailed check,10,Yes
VHJHK19984,0,0,0,F,19.150,Oui,No,Non,501.350,One year,0,Mailed check,27,No
TIBLE19255,1,0,0,F,86.500,Oui,Yes,Fibre,582.500,Month-to-month,1,Electronic check,7,Yes
ZBSLN04851,1,0,1,H,24.750,Oui,Yes,Non,1715.100,Two year,0,Credit card (automatic),65,No
QRJSX48172,0,0,0,F,81.000,Oui,Yes,Fibre,818.050,Month-to-month,1,Credit card (automatic),10,Yes
GNVPL72992,1,0,1,F,84.400,Oui,No,Fibre,1936.850,Month-to-month,0,Mailed check,23,No
TSONX09456,1,0,1,F,85.300,Oui,Yes,ADSL,4107.250,Two year,1,Credit card (automatic),47,No
RKMZJ68593,1,0,0,H,55.050,Oui,No,ADSL,608.150,Month-to-month,1,Bank transfer (automatic),11,No
JPDFU41779,0,0,0,H,34.000,Non,No phone service,ADSL,442.450,Month-to-month,0,Mailed check,12,No
BBGHE44594,0,0,1,H,44.500,Non,No phone service,ADSL,1307.800,Month-to-month,1,Electronic check,30,No
SGOAK51968,0,0,0,F,75.700,Oui,No,Fibre,75.700,Month-to-month,1,Electronic check,1,Yes
CSITQ01037,1,0,0,F,109.400,Oui,Yes,Fibre,6252.700,One year,1,Bank transfer (automatic),57,No
SHVZV77272,0,0,0,F,19.500,Oui,No,Non,150.350,Month-to-month,0,Bank transfer (automatic),9,No
BHKFN26082,0,0,0,F,70.050,Oui,No,Fibre,266.900,Month-to-month,1,Credit card (automatic),4,Yes
IJUDE48601,0,0,0,H,73.750,Oui,No,Fibre,956.650,Month-to-month,1,Credit card (automatic),13,No
MPYOD95098,0,0,0,F,20.750,Oui,No,Non,700.450,One year,0,Mailed check,35,No
DHBBB38133,1,0,0,H,50.950,Non,No phone service,ADSL,3521.700,Two year,1,Bank transfer (automatic),67,No
OAUPW86724,0,0,1,H,47.850,Oui,No,ADSL,2356.750,One year,0,Credit card (automatic),51,No
KCLHR95646,0,0,0,H,51.250,Oui,No,ADSL,51.250,Month-to-month,0,Mailed check,1,Yes
IOOPU86594,1,0,1,F,100.450,Oui,Yes,Fibre,7159.700,Two year,0,Electronic check,71,No
ZWLGF33128,1,1,0,H,79.300,Oui,Yes,Fibre,2414.550,Month-to-month,1,Electronic check,29,No
ZNYVZ82671,1,0,0,F,103.750,Oui,No,Fibre,3361.050,One year,1,Electronic check,33,Yes
SQECB03055,0,0,1,F,36.050,Non,No phone service,ADSL,402.600,One year,1,Mailed check,11,No
WBJNK70189,0,0,1,H,78.300,Oui,No,Fibre,1033.950,Month-to-month,1,Credit card (automatic),13,No
NPKBJ89223,1,0,1,H,19.350,Oui,No,Non,867.300,Two year,0,Mailed check,42,No
ZLUPA74219,0,0,0,F,29.250,Non,No phone service,ADSL,226.950,Month-to-month,1,Mailed check,8,No
SSHFK69821,0,0,0,H,44.400,Oui,No,ADSL,44.400,Month-to-month,0,Mailed check,1,Yes
ZVQPT90316,1,0,0,H,108.200,Oui,Yes,Fibre,7840.600,Two year,1,Electronic check,72,No
SZBHO01783,1,0,1,H,87.200,Oui,Yes,Fibre,4017.450,Month-to-month,0,Electronic check,47,No
GQEAL33707,1,0,1,H,85.450,Oui,Yes,Fibre,2509.950,Month-to-month,0,Electronic check,30,No
WKTTW35844,1,0,0,H,111.550,Oui,Yes,Fibre,5720.350,One year,1,Electronic check,51,No
ZGQIJ08488,1,0,0,F,94.650,Oui,No,Fibre,1461.150,Month-to-month,1,Bank transfer (automatic),16,No
RFVHN61162,1,0,0,F,100.450,Oui,Yes,Fibre,3414.650,Month-to-month,1,Electronic check,34,No
PRWKT52298,0,0,0,H,86.550,Oui,Yes,Fibre,649.650,Month-to-month,1,Electronic check,8,Yes
ULIXL82379,1,0,0,F,24.850,Oui,Yes,Non,1871.850,Two year,0,Credit card (automatic),72,No
ODIYG39153,0,1,0,H,71.750,Oui,Yes,ADSL,4374.550,One year,1,Electronic check,60,No
XRFQB59142,1,0,0,H,115.800,Oui,Yes,Fibre,8424.900,Two year,1,Bank transfer (automatic),72,No
EPYZR64763,1,0,1,H,20.500,Oui,No,Non,255.500,Month-to-month,0,Mailed check,12,No
UDMFD21711,1,0,1,H,19.450,Oui,No,Non,674.550,Month-to-month,1,Credit card (automatic),32,No
NQLDI33514,1,0,1,F,94.350,Oui,Yes,Fibre,6341.450,One year,1,Credit card (automatic),67,Yes
LAZFO78388,1,0,0,H,78.800,Oui,No,ADSL,3597.500,One year,0,Bank transfer (automatic),45,No
ZQZNK71312,1,0,1,F,59.850,Non,No phone service,ADSL,3590.200,Two year,0,Credit card (automatic),60,No
OAOVB98227,0,0,0,F,55.450,Oui,No,ADSL,55.450,Month-to-month,1,Electronic check,1,No
DNZCE56147,0,0,0,F,64.900,Oui,No,ADSL,3795.450,Two year,1,Credit card (automatic),58,No
RQCHR79434,0,0,0,F,94.750,Oui,Yes,Fibre,889.900,Month-to-month,1,Electronic check,9,Yes
EFJQB98407,0,0,0,F,74.350,Oui,No,Fibre,74.350,Month-to-month,0,Electronic check,1,No
RKVSZ70894,1,0,1,H,24.400,Oui,Yes,Non,203.950,One year,0,Mailed check,8,No
XPMCQ29625,0,0,0,H,45.150,Oui,No,ADSL,98.500,Month-to-month,1,Electronic check,2,Yes
WWXKP90812,1,0,1,F,20.250,Oui,No,Non,873.400,Two year,0,Credit card (automatic),47,No
IHMFT29829,0,1,0,F,74.450,Oui,Yes,Fibre,74.450,Month-to-month,1,Mailed check,1,Yes
SSVSN30698,0,0,0,F,25.850,Non,No phone service,ADSL,25.850,One year,0,Mailed check,1,No
SSGAA29687,0,0,0,F,100.600,Oui,Yes,Fibre,1060.200,Month-to-month,1,Electronic check,10,Yes
TSCIC34176,0,0,0,H,24.850,Non,No phone service,ADSL,788.050,One year,1,Mailed check,29,No
BRKGK53202,1,0,1,F,75.800,Oui,Yes,ADSL,4415.750,Two year,0,Mailed check,58,No
ZUKID13452,0,0,0,H,19.350,Oui,No,Non,324.800,One year,0,Mailed check,14,No
EKNGL07501,0,0,0,H,20.750,Oui,No,Non,141.100,Month-to-month,0,Mailed check,7,No
IIXLY56856,1,0,1,F,83.600,Oui,No,Fibre,404.200,Month-to-month,1,Electronic check,5,Yes
VRYBW05165,0,0,1,F,20.150,Oui,No,Non,390.850,One year,0,Bank transfer (automatic),18,Yes
QJOEE10697,1,0,1,H,19.900,Oui,No,Non,505.450,One year,0,Electronic check,25,No
AKMAS31744,1,0,0,F,64.200,Oui,No,ADSL,3009.500,Two year,1,Credit card (automatic),46,No
NHRJK22072,0,0,0,H,50.800,Oui,No,ADSL,50.800,Month-to-month,0,Electronic check,1,Yes
GDISB06238,0,0,0,F,48.450,Oui,No,ADSL,48.450,Month-to-month,1,Bank transfer (automatic),1,No
WELNY75707,1,0,0,F,84.700,Oui,Yes,Fibre,5711.050,Two year,1,Bank transfer (automatic),68,No
OOYZZ69549,1,0,0,H,44.350,Oui,No,ADSL,768.050,Month-to-month,1,Bank transfer (automatic),18,No
JDSSB64966,0,0,0,F,80.000,Oui,No,Fibre,624.600,Month-to-month,1,Bank transfer (automatic),8,No
FLVQC26164,0,0,0,H,19.550,Oui,No,Non,1240.150,Two year,0,Mailed check,64,No
TCHJW28651,0,1,0,F,89.200,Oui,Yes,Fibre,346.200,Month-to-month,1,Electronic check,4,Yes
VJLCL46715,0,0,0,F,79.850,Oui,Yes,ADSL,4861.450,Two year,1,Credit card (automatic),63,No
VZCZG45258,0,0,1,H,105.850,Oui,No,Fibre,5826.650,One year,1,Electronic check,54,No
ESJEP05369,1,0,0,H,74.550,Oui,No,ADSL,4191.450,Two year,1,Bank transfer (automatic),54,No
THENM02706,1,0,1,H,69.850,Oui,Yes,ADSL,5102.350,Two year,0,Bank transfer (automatic),72,No
NTNCO16368,0,1,0,H,50.950,Non,No phone service,ADSL,207.350,Month-to-month,1,Credit card (automatic),4,No
UDMZR12276,1,0,0,F,91.150,Oui,Yes,ADSL,6637.900,Two year,1,Bank transfer (automatic),72,No
PLFUZ90005,1,1,0,F,49.450,Non,No phone service,ADSL,2907.550,Two year,1,Credit card (automatic),60,No
IEJWJ63199,1,0,1,H,90.200,Oui,No,Fibre,1776.550,Month-to-month,1,Electronic check,20,Yes
WSNPU91125,0,1,0,F,70.550,Oui,No,Fibre,2419.000,Month-to-month,0,Electronic check,35,No
NNSPB30978,0,0,0,F,49.050,Oui,No,ADSL,91.100,Month-to-month,1,Credit card (automatic),2,Yes
ARAAQ18536,0,0,0,F,50.350,Non,No phone service,ADSL,1277.500,Month-to-month,1,Credit card (automatic),26,No
UWIHT45594,1,0,0,H,82.650,Oui,Yes,Fibre,1185.000,Month-to-month,1,Electronic check,14,No
IJOQT52404,0,1,0,H,74.700,Oui,Yes,Fibre,74.700,Month-to-month,1,Electronic check,1,Yes
MHDQT56429,1,0,1,F,19.850,Oui,No,Non,1039.450,One year,1,Bank transfer (automatic),53,No
IJOOU79269,0,0,0,H,19.300,Oui,No,Non,19.300,Month-to-month,0,Credit card (automatic),1,No
GZKQY55672,0,0,0,H,20.300,Oui,No,Non,1131.500,Two year,0,Credit card (automatic),58,No
ZWTZI42565,0,0,1,F,51.000,Oui,No,ADSL,286.800,Month-to-month,1,Mailed check,5,No
RLHVP06787,0,0,0,F,105.550,Oui,Yes,Fibre,5682.250,Two year,0,Electronic check,53,No
QJKZW64695,1,0,0,F,20.150,Oui,No,Non,91.400,Month-to-month,0,Electronic check,4,No
CJEYV69884,0,0,0,H,98.700,Oui,Yes,Fibre,4920.550,Month-to-month,0,Electronic check,49,No
VAVCL37031,1,0,1,H,90.000,Oui,No,Fibre,190.050,Month-to-month,0,Credit card (automatic),2,Yes
CKVKH37506,0,0,0,H,67.750,Oui,No,Fibre,116.650,Month-to-month,1,Electronic check,2,Yes
ELEYH64249,1,0,0,F,74.750,Oui,Yes,Fibre,229.500,Month-to-month,1,Credit card (automatic),3,Yes
GYCZP46262,0,0,0,H,93.850,Oui,Yes,Fibre,635.600,Month-to-month,1,Electronic check,7,Yes
CZABP25996,1,0,0,H,44.600,Oui,No,ADSL,641.250,One year,0,Electronic check,14,No
OTDSO77805,1,0,0,H,99.400,Oui,Yes,Fibre,1742.950,Month-to-month,1,Electronic check,18,Yes
KVDQT50224,0,0,0,H,81.300,Oui,Yes,Fibre,2272.800,Month-to-month,1,Electronic check,27,No
CTLKO82322,1,0,1,F,59.750,Oui,No,ADSL,3996.800,Two year,1,Electronic check,66,No
HHMZC51294,1,0,0,F,86.450,Oui,Yes,ADSL,3574.500,Two year,0,Credit card (automatic),43,No
YGFJV69931,1,0,0,H,112.550,Oui,Yes,Fibre,7806.500,Two year,1,Bank transfer (automatic),69,No
KMTWZ31449,1,0,0,H,93.250,Oui,Yes,Fibre,6669.450,Month-to-month,1,Bank transfer (automatic),71,No
VYLSX53714,0,1,0,F,83.400,Oui,Yes,Fibre,4113.700,Month-to-month,1,Electronic check,50,No
HFTUK41638,0,0,0,H,19.100,Oui,No,Non,1007.800,One year,0,Electronic check,51,No
RLLRH73367,1,0,0,H,80.850,Oui,Yes,ADSL,2204.350,One year,0,Mailed check,27,No
GYAFU14038,1,0,1,H,20.050,Oui,No,Non,1360.250,Two year,0,Credit card (automatic),70,No
LZDRV47137,0,1,0,F,79.600,Oui,No,Fibre,195.050,Month-to-month,1,Electronic check,2,Yes
NGCUN12136,0,0,0,F,49.650,Oui,No,ADSL,267.350,Month-to-month,1,Bank transfer (automatic),6,Yes
WXCEF45233,1,0,0,F,101.100,Oui,Yes,Fibre,6039.900,Month-to-month,0,Electronic check,59,Yes
PMBSQ57475,1,1,0,H,92.500,Oui,No,Fibre,934.100,Month-to-month,1,Mailed check,10,Yes
RQSNY40219,1,1,0,H,98.500,Oui,Yes,Fibre,3004.150,Month-to-month,1,Electronic check,29,Yes
YOBKI66211,0,0,0,H,20.350,Oui,No,Non,92.750,Month-to-month,0,Mailed check,5,No
NSEDU40941,0,1,0,F,94.250,Oui,Yes,Fibre,1973.750,Month-to-month,1,Electronic check,21,Yes
AEVKX63411,1,0,0,F,104.300,Oui,No,Fibre,6613.650,One year,1,Electronic check,62,No
SZPLM64796,1,0,1,H,19.450,Oui,No,Non,754.500,Two year,0,Credit card (automatic),36,No
TLWOI67767,0,0,0,H,19.850,Oui,No,Non,64.550,Month-to-month,0,Mailed check,3,Yes
UGRDO01062,1,0,0,F,116.000,Oui,Yes,Fibre,8182.850,Two year,1,Electronic check,69,No
VPZBD40304,0,0,0,F,30.900,Non,No phone service,ADSL,59.050,Month-to-month,1,Electronic check,2,Yes
ULWFW31066,1,0,0,F,85.200,Oui,Yes,Fibre,627.400,Month-to-month,1,Credit card (automatic),8,Yes
TDCRN10789,1,1,0,F,30.750,Non,No phone service,ADSL,82.850,Month-to-month,1,Electronic check,3,No
PTSXY73593,0,0,0,H,45.750,Oui,No,ADSL,45.750,Month-to-month,0,Electronic check,1,Yes
MURBD43154,0,0,0,F,98.900,Oui,No,Fibre,1120.950,Month-to-month,1,Bank transfer (automatic),12,Yes
PNRQB43607,0,0,0,H,75.600,Oui,Yes,Fibre,1395.050,Month-to-month,1,Bank transfer (automatic),18,No
SFJVH63447,0,0,0,F,24.900,Non,No phone service,ADSL,505.950,Month-to-month,0,Credit card (automatic),20,No
EDSSA78548,0,0,0,H,59.000,Oui,Yes,ADSL,1254.700,Month-to-month,0,Electronic check,22,Yes
DMJHQ18091,0,0,1,F,46.000,Oui,No,ADSL,221.700,Month-to-month,0,Mailed check,5,Yes
VTJOQ15357,0,0,0,F,25.150,Oui,Yes,Non,553.000,Two year,0,Credit card (automatic),24,No
WTUUY90912,1,0,1,H,69.250,Oui,No,ADSL,4447.750,Two year,0,Mailed check,64,No
PDZLR65599,0,0,0,H,98.650,Oui,No,Fibre,2537.000,Month-to-month,1,Electronic check,26,No
GVKQU25259,0,0,0,F,20.600,Oui,No,Non,1093.000,Two year,0,Mailed check,60,No
TWKFS25199,1,0,1,H,55.100,Oui,Yes,ADSL,1466.100,One year,1,Mailed check,25,No
XDPYX50448,1,0,0,F,25.500,Oui,Yes,Non,1281.250,Two year,0,Mailed check,51,No
QZXTF46463,1,0,0,F,81.250,Oui,No,ADSL,580.100,Month-to-month,0,Bank transfer (automatic),7,No
WWXDV59865,0,0,1,H,19.350,Oui,No,Non,779.200,One year,0,Bank transfer (automatic),39,No
LKKQQ10271,1,0,1,F,80.450,Oui,No,ADSL,5886.850,Two year,1,Bank transfer (automatic),72,No
HVAIF11942,1,0,0,F,95.000,Oui,Yes,Fibre,2462.550,Month-to-month,0,Credit card (automatic),27,No
FJTBX97118,1,0,1,H,85.850,Oui,No,Fibre,4793.800,One year,1,Mailed check,56,No
CKTEP74163,1,0,0,F,19.600,Oui,No,Non,1134.250,Two year,1,Bank transfer (automatic),57,No
ECHUI59098,0,0,0,F,56.250,Oui,No,ADSL,56.250,Month-to-month,1,Electronic check,1,Yes
GNDYK76019,1,0,1,H,19.600,Oui,No,Non,686.950,Two year,0,Mailed check,35,No
IFQTT59245,1,0,1,H,72.800,Oui,Yes,ADSL,930.050,Month-to-month,1,Electronic check,13,No
RGEYA29845,1,0,1,F,19.750,Oui,No,Non,1375.400,Two year,0,Bank transfer (automatic),69,No
YOLBJ93746,1,0,1,F,19.250,Oui,No,Non,19.250,Month-to-month,0,Electronic check,1,No
LCSMG09275,0,0,0,H,74.650,Oui,No,Fibre,544.550,Month-to-month,0,Mailed check,7,Yes
MFKAX86289,1,1,0,F,116.750,Oui,Yes,Fibre,8277.050,Two year,1,Credit card (automatic),72,No
OUHIO79386,0,0,0,H,98.700,Oui,No,Fibre,293.650,Month-to-month,1,Electronic check,3,Yes
DYNOE74707,0,0,0,H,61.100,Oui,No,ADSL,3357.900,One year,1,Electronic check,53,No
HSJQD22409,0,0,1,H,81.850,Oui,Yes,Fibre,3141.700,Month-to-month,1,Mailed check,38,No
MIAHT26745,0,0,0,F,80.300,Oui,Yes,Fibre,324.200,Month-to-month,1,Mailed check,4,No
FESFV83902,0,0,0,F,84.500,Oui,Yes,ADSL,5193.200,Two year,0,Bank transfer (automatic),62,No
QCKXA22732,0,0,0,H,49.050,Oui,No,ADSL,49.050,Month-to-month,0,Mailed check,1,No
OXEXL02394,0,0,0,F,84.250,Oui,Yes,Fibre,3847.600,Month-to-month,0,Mailed check,46,No
MAUWC02283,0,0,0,H,59.550,Oui,Yes,ADSL,1144.600,Month-to-month,0,Electronic check,19,No
EONCV92976,0,0,0,F,91.350,Oui,Yes,ADSL,6697.200,Two year,1,Bank transfer (automatic),72,No
VBUOG96501,1,0,1,H,25.050,Oui,Yes,Non,963.950,Two year,0,Credit card (automatic),38,No
IDSEY55691,1,0,0,H,105.700,Oui,Yes,Fibre,7472.150,One year,1,Bank transfer (automatic),71,No
XIIIT34733,1,0,0,F,100.000,Oui,Yes,Fibre,1534.750,Month-to-month,1,Electronic check,16,Yes
YQLLO64255,1,1,0,F,105.950,Oui,Yes,Fibre,6975.250,One year,1,Credit card (automatic),66,Yes
OIFMO00948,0,1,0,F,95.000,Oui,No,Fibre,1120.300,Month-to-month,1,Electronic check,11,Yes
PAHHL72337,1,0,1,H,84.000,Oui,Yes,ADSL,5714.250,Two year,1,Mailed check,66,No
TWWJU52133,0,0,0,H,91.000,Oui,No,Fibre,2626.150,Month-to-month,0,Electronic check,28,No
KTZEL37514,0,0,0,F,35.050,Non,No phone service,ADSL,35.050,Month-to-month,0,Mailed check,1,Yes
YCPUO38315,1,0,1,F,109.500,Oui,No,Fibre,7854.900,Two year,1,Credit card (automatic),72,No
GESUL28928,1,0,1,F,19.350,Oui,No,Non,309.250,Two year,0,Mailed check,18,No
OUYRN97321,1,0,0,F,19.000,Oui,No,Non,918.700,One year,0,Credit card (automatic),49,No
CAZNM20806,0,1,0,F,104.400,Oui,Yes,Fibre,4133.950,Month-to-month,1,Electronic check,41,No
YPMCW05156,0,0,1,H,70.450,Oui,No,Fibre,70.450,Month-to-month,1,Mailed check,1,Yes
PRJHP19898,1,1,0,H,75.500,Oui,Yes,Fibre,1893.950,Month-to-month,1,Electronic check,27,Yes
EQOZA36752,0,0,0,H,20.650,Oui,No,Non,93.550,Month-to-month,0,Bank transfer (automatic),5,No
ESWKO21442,0,0,0,H,35.200,Non,No phone service,ADSL,1463.700,One year,1,Credit card (automatic),43,No
ANMVE93083,0,0,1,H,55.300,Oui,No,ADSL,2654.050,Month-to-month,1,Electronic check,47,No
QSQBX88851,0,0,0,F,49.550,Oui,No,ADSL,49.550,Month-to-month,0,Bank transfer (automatic),1,No
PHLYD94746,0,0,0,F,59.450,Oui,No,ADSL,892.650,Month-to-month,1,Electronic check,15,Yes
HUUJM10773,0,0,1,F,71.050,Oui,No,Fibre,472.650,Month-to-month,1,Electronic check,7,No
GQJTW48817,0,0,0,H,19.600,Oui,No,Non,300.400,Month-to-month,0,Credit card (automatic),14,No
TYDAY35034,1,0,0,F,80.450,Oui,Yes,Fibre,3398.900,Month-to-month,0,Electronic check,43,No
BPJSO26838,1,0,0,H,84.450,Oui,Yes,Fibre,2467.100,Month-to-month,1,Electronic check,29,Yes
NCJAK41639,1,0,0,F,24.450,Oui,Yes,Non,1066.150,One year,1,Bank transfer (automatic),46,No
VWQJH22298,0,0,0,F,49.300,Oui,No,ADSL,1233.250,Month-to-month,1,Credit card (automatic),24,No
CDGWY52943,1,0,1,H,59.300,Non,No phone service,ADSL,3014.650,One year,0,Electronic check,51,Yes
EWARA77815,1,0,1,H,60.350,Non,No phone service,ADSL,4138.700,One year,0,Electronic check,70,No
VVORZ35661,1,0,0,F,45.900,Oui,No,ADSL,505.950,Month-to-month,0,Bank transfer (automatic),12,No
IVLYU75263,0,0,0,H,19.650,Oui,No,Non,68.350,Month-to-month,1,Mailed check,3,No
JMEQO80584,0,1,0,F,84.450,Oui,Yes,Fibre,762.500,Month-to-month,1,Electronic check,9,Yes
EKRGF99388,0,0,0,F,84.450,Oui,No,ADSL,1287.850,Month-to-month,0,Mailed check,15,No
KYJVA04804,1,0,1,F,24.250,Oui,Yes,Non,1784.500,Two year,0,Credit card (automatic),72,No
TTHBQ24959,0,0,1,F,20.400,Oui,No,Non,84.750,One year,1,Mailed check,4,No
YJHSN76638,1,0,0,F,103.950,Oui,Yes,Fibre,7556.900,Two year,1,Bank transfer (automatic),72,No
VIGUD76655,0,0,0,H,20.350,Oui,No,Non,176.300,One year,0,Mailed check,10,No
VDHOM62351,0,1,0,F,28.450,Non,No phone service,ADSL,131.050,Month-to-month,0,Electronic check,5,Yes
UYIVZ79941,1,0,0,H,85.650,Oui,Yes,Fibre,659.450,Month-to-month,1,Bank transfer (automatic),8,No
OAWRH67129,0,1,0,F,91.250,Oui,No,Fibre,2351.800,Month-to-month,1,Electronic check,26,Yes
DDHJK20773,1,0,0,F,70.900,Oui,Yes,ADSL,4911.350,Two year,0,Credit card (automatic),68,No
LUPSU46974,1,0,1,H,20.200,Oui,No,Non,34.750,One year,0,Mailed check,2,No
PGMQJ34889,0,1,0,H,74.500,Oui,No,Fibre,606.550,Month-to-month,1,Electronic check,8,Yes
FNXPP00303,0,0,0,F,19.850,Oui,No,Non,57.200,Month-to-month,0,Mailed check,3,No
KMEEH09521,0,0,0,H,98.150,Oui,Yes,Fibre,1230.250,Month-to-month,0,Mailed check,13,Yes
LZNWR75943,0,1,0,H,69.150,Oui,No,Fibre,2275.100,Month-to-month,0,Credit card (automatic),34,No
MURVM07696,1,0,1,F,65.700,Non,No phone service,ADSL,4575.350,Two year,0,Bank transfer (automatic),72,No
HRADD87062,0,0,0,H,43.550,Non,No phone service,ADSL,1011.500,Month-to-month,1,Mailed check,21,No
ZLIWT28738,1,0,1,F,84.850,Oui,Yes,Fibre,3303.050,Month-to-month,1,Electronic check,40,Yes
EUMTE82083,0,0,0,H,54.850,Non,No phone service,ADSL,916.150,Two year,0,Mailed check,16,No
FHBZC69334,0,0,0,F,56.050,Oui,No,ADSL,1553.200,One year,1,Mailed check,26,No
RTPWK55365,1,0,0,H,99.050,Oui,Yes,Fibre,4853.750,Month-to-month,1,Bank transfer (automatic),49,Yes
MNMOI37648,0,0,0,H,19.200,Oui,No,Non,908.150,Two year,0,Credit card (automatic),46,No
XSDCW54428,1,0,1,H,79.500,Oui,No,Fibre,868.500,Month-to-month,1,Bank transfer (automatic),11,Yes
FTRTS57666,1,0,0,H,84.450,Oui,No,ADSL,6033.100,Two year,0,Mailed check,72,No
MJKBO69619,0,0,0,H,20.450,Oui,No,Non,943.000,Two year,0,Bank transfer (automatic),47,No
BOIUJ55102,0,0,1,H,19.250,Oui,No,Non,19.250,Month-to-month,0,Mailed check,1,Yes
YACBP69174,0,1,0,F,89.750,Oui,Yes,Fibre,5496.900,Month-to-month,1,Electronic check,59,No
SZMCV64612,1,0,0,F,87.950,Oui,Yes,ADSL,6365.350,Two year,0,Bank transfer (automatic),71,No
YUTXB76328,1,0,1,F,20.050,Oui,No,Non,520.100,One year,0,Mailed check,25,No
NNTRC89155,1,0,1,H,107.700,Oui,Yes,Fibre,7919.800,Two year,1,Credit card (automatic),72,No
ZCLOT97006,0,0,0,H,20.000,Oui,No,Non,32.700,Month-to-month,0,Mailed check,2,No
YNLEU48084,1,0,0,F,62.150,Oui,No,ADSL,2215.450,One year,1,Bank transfer (automatic),35,No
OIRTO33248,1,0,1,H,104.650,Oui,No,Fibre,7288.400,One year,1,Bank transfer (automatic),71,No
KQJLK65834,1,1,0,F,94.650,Oui,No,Fibre,1285.050,Month-to-month,1,Electronic check,15,No
ECSHE68704,0,0,0,F,20.450,Oui,No,Non,34.800,One year,0,Mailed check,2,No
HAYWX69854,1,0,0,F,79.300,Oui,Yes,Fibre,2015.800,Month-to-month,0,Bank transfer (automatic),26,No
TJFAN41841,1,1,1,F,88.300,Oui,No,Fibre,273.750,Month-to-month,1,Mailed check,3,Yes
PIMHX40394,1,1,0,H,49.800,Oui,No,ADSL,2398.400,Two year,0,Mailed check,49,No
YIJGF00647,1,0,1,H,75.750,Oui,Yes,Fibre,1929.000,Month-to-month,1,Bank transfer (automatic),27,No
WQFUK17631,0,0,0,H,50.500,Oui,No,ADSL,147.750,Month-to-month,1,Mailed check,3,No
BKOSX10947,1,0,1,F,51.000,Non,No phone service,ADSL,2264.500,One year,0,Bank transfer (automatic),45,No
IIVVL53708,0,0,0,H,104.500,Oui,Yes,Fibre,3778.000,One year,1,Credit card (automatic),37,No
PBLJN14884,1,0,1,F,116.850,Oui,Yes,Fibre,8477.700,Two year,1,Bank transfer (automatic),72,No
UXRMT05164,0,0,0,F,92.050,Oui,Yes,Fibre,5755.800,One year,1,Electronic check,62,No
TMWYB85108,1,0,1,F,59.800,Oui,Yes,ADSL,3246.450,Two year,1,Bank transfer (automatic),54,No
QIQRV69678,1,0,1,H,101.900,Oui,No,Fibre,1667.250,One year,0,Electronic check,15,No
WXNGG13493,0,0,0,H,20.050,Oui,No,Non,20.050,Month-to-month,0,Bank transfer (automatic),1,Yes
ZAIFU17687,0,1,0,F,25.200,Non,No phone service,ADSL,25.200,Month-to-month,1,Electronic check,1,Yes
KXKFK03368,0,0,0,H,61.200,Non,No phone service,ADSL,4390.250,Two year,1,Credit card (automatic),72,No
POTJR80803,0,0,0,F,79.300,Oui,Yes,ADSL,2427.100,One year,1,Credit card (automatic),30,No
BCXEC21909,1,0,0,F,78.850,Oui,Yes,Fibre,3126.850,Month-to-month,1,Credit card (automatic),40,No
GNHWH62535,1,0,1,F,71.100,Oui,Yes,ADSL,5224.950,Two year,0,Mailed check,71,No
TRQYE20115,0,0,0,H,33.500,Non,No phone service,ADSL,600.000,Month-to-month,1,Credit card (automatic),18,Yes
GQWPO49872,0,0,0,H,25.100,Non,No phone service,ADSL,382.800,Month-to-month,0,Credit card (automatic),17,No
BJKOU47351,0,0,0,F,20.150,Oui,No,Non,804.850,Two year,0,Mailed check,40,No
AJYUA24994,1,1,0,F,110.800,Oui,Yes,Fibre,7882.250,Two year,1,Credit card (automatic),72,No
QQFLL39365,0,0,0,H,19.750,Oui,No,Non,39.300,Month-to-month,0,Mailed check,2,No
YMVWZ32519,0,0,0,H,24.050,Oui,Yes,Non,1301.900,One year,0,Bank transfer (automatic),53,No
XUAHX88799,1,0,0,H,116.250,Oui,Yes,Fibre,8564.750,Two year,1,Electronic check,71,No
IJPDU26044,1,0,0,F,96.550,Oui,No,Fibre,1901.650,Month-to-month,1,Electronic check,20,No
QMLLA43203,0,0,0,H,54.850,Oui,No,ADSL,370.400,Month-to-month,0,Mailed check,7,No
IMCGG56093,0,0,0,F,84.350,Oui,Yes,Fibre,1302.650,Month-to-month,1,Credit card (automatic),15,No
DJFPH18207,1,0,1,F,24.050,Oui,Yes,Non,1709.150,Two year,1,Bank transfer (automatic),72,No
AXJZP88591,1,0,1,H,23.800,Oui,Yes,Non,903.800,Two year,1,Mailed check,39,No
SVCRO32842,1,0,0,F,25.500,Oui,Yes,Non,1121.050,Two year,0,Mailed check,45,No
XNIKG87394,0,0,0,F,84.000,Oui,Yes,Fibre,424.750,Month-to-month,1,Electronic check,5,No
VCAEX68101,0,0,0,F,39.650,Non,No phone service,ADSL,1798.650,One year,0,Credit card (automatic),47,No
KLSEH43967,0,0,0,H,19.850,Oui,No,Non,63.000,Month-to-month,1,Electronic check,4,No
LWTFD90793,0,0,0,H,100.750,Oui,Yes,Fibre,4669.200,Month-to-month,0,Mailed check,47,No
EZKBY99213,0,0,1,H,95.300,Oui,Yes,Fibre,3275.150,Month-to-month,1,Bank transfer (automatic),33,No
VLQFB84044,1,0,1,F,25.250,Oui,Yes,Non,394.850,Month-to-month,1,Electronic check,15,No
SXOUN01308,0,0,0,H,89.400,Oui,Yes,Fibre,5976.900,Month-to-month,0,Credit card (automatic),66,No
IXSTS87809,0,0,0,F,90.100,Oui,Yes,Fibre,521.300,Month-to-month,1,Electronic check,6,Yes
RHKVR38244,0,0,0,F,19.700,Oui,No,Non,340.350,Month-to-month,0,Credit card (automatic),17,No
KLTEK23594,1,0,1,F,94.900,Oui,No,Fibre,3848.000,Month-to-month,1,Bank transfer (automatic),41,No
SOZGA10917,1,0,1,F,99.800,Oui,Yes,Fibre,5515.450,One year,1,Credit card (automatic),56,No
AMQRX21559,0,0,0,F,54.900,Oui,Yes,ADSL,1505.150,Month-to-month,1,Credit card (automatic),28,No
IEAXF37047,1,0,1,F,53.650,Non,No phone service,ADSL,3784.000,Two year,0,Credit card (automatic),72,No
XSBAT73126,0,0,0,H,49.750,Oui,No,ADSL,49.750,Month-to-month,0,Electronic check,1,No
YLMVT40103,0,0,0,F,106.600,Oui,Yes,Fibre,5893.950,Month-to-month,1,Credit card (automatic),56,No
ANOEI59158,1,0,0,H,79.150,Oui,Yes,ADSL,5536.500,Two year,0,Mailed check,70,No
LZBMD86792,1,0,0,H,90.650,Oui,No,Fibre,3974.150,One year,1,Bank transfer (automatic),44,No
HWUHI23722,0,0,0,H,44.350,Oui,No,ADSL,81.250,Month-to-month,0,Electronic check,2,Yes
WPHPM71626,1,0,1,H,71.600,Oui,Yes,ADSL,4230.250,Two year,0,Credit card (automatic),58,No
KNBHV88224,0,0,0,F,83.450,Oui,Yes,ADSL,3887.850,One year,1,Credit card (automatic),48,No
LVCRK03157,0,0,0,H,84.800,Oui,No,Fibre,888.750,Month-to-month,0,Electronic check,11,No
QMNTJ82631,1,0,0,H,115.550,Oui,Yes,Fibre,8425.300,Two year,1,Electronic check,72,No
SXDJP05267,1,0,0,H,42.100,Non,No phone service,ADSL,2962.000,Two year,0,Bank transfer (automatic),72,No
USSQZ52018,1,0,0,F,85.900,Oui,No,Fibre,2196.450,Month-to-month,0,Credit card (automatic),26,No
POCZS41323,1,0,0,H,39.900,Non,No phone service,ADSL,2020.900,Month-to-month,1,Electronic check,52,No
AZMTZ92575,1,0,1,F,20.100,Oui,No,Non,1078.750,Two year,0,Bank transfer (automatic),52,No
VYTKW54475,0,0,0,H,53.450,Oui,No,ADSL,1461.450,Month-to-month,0,Mailed check,27,No
WPXQM59605,0,0,0,H,79.050,Oui,No,Fibre,79.050,Month-to-month,1,Electronic check,1,Yes
UWHIS28262,1,0,0,H,81.400,Oui,Yes,Fibre,3775.850,Month-to-month,0,Bank transfer (automatic),45,No
XFOIL72516,0,0,0,F,89.200,Oui,Yes,Fibre,5500.600,Month-to-month,0,Mailed check,61,No
JHPMP69235,0,0,0,F,80.450,Oui,No,Fibre,137.100,Month-to-month,1,Electronic check,2,No
ORVIZ13738,1,0,1,F,66.350,Oui,Yes,ADSL,740.800,Month-to-month,1,Electronic check,11,Yes
OCUFY82203,0,0,0,F,60.250,Oui,No,ADSL,1258.350,One year,1,Electronic check,21,No
HGMJH94889,0,1,0,F,71.150,Oui,No,Fibre,71.150,Month-to-month,1,Electronic check,1,Yes
BEGGB24466,0,1,0,F,98.250,Oui,Yes,Fibre,560.600,Month-to-month,1,Electronic check,6,Yes
RFZRP57814,1,0,0,H,73.500,Oui,Yes,ADSL,5357.750,Two year,0,Credit card (automatic),71,No
KYVNF09738,1,0,1,F,70.650,Oui,No,ADSL,5011.150,Two year,1,Credit card (automatic),72,No
RLMVT37401,1,1,0,H,60.950,Oui,No,ADSL,4119.400,One year,1,Bank transfer (automatic),67,No
LXSDN58375,1,0,1,F,58.850,Oui,No,ADSL,1215.450,One year,1,Credit card (automatic),21,No
AHASP04042,1,0,0,H,19.700,Oui,No,Non,1421.900,Two year,0,Credit card (automatic),72,No
MKPXS19346,1,0,1,H,20.100,Oui,No,Non,620.550,One year,0,Credit card (automatic),33,No
SOLAY30496,1,0,0,F,95.200,Oui,Yes,Fibre,292.850,Month-to-month,1,Electronic check,3,Yes
RBTSB89149,1,0,0,H,93.800,Oui,Yes,Fibre,3019.500,Month-to-month,0,Electronic check,31,Yes
LFCZZ19255,0,1,0,H,50.050,Non,No phone service,ADSL,2743.450,One year,1,Bank transfer (automatic),55,No
JUXUI83729,0,0,1,H,74.350,Oui,Yes,Fibre,74.350,Month-to-month,1,Electronic check,1,Yes
OOKCL58632,0,0,0,F,18.850,Oui,No,Non,163.200,Month-to-month,0,Mailed check,10,No
COGGB82622,0,0,0,H,20.450,Oui,No,Non,20.450,Month-to-month,1,Mailed check,1,No
VEOYC33207,0,1,0,H,95.600,Oui,Yes,Fibre,1273.300,Month-to-month,1,Electronic check,14,No
ADRUX10961,1,0,1,F,74.250,Oui,Yes,Fibre,4859.250,One year,1,Bank transfer (automatic),66,No
MEISB56683,1,0,1,F,106.100,Oui,Yes,Fibre,7657.400,Two year,0,Credit card (automatic),72,No
JZAZL48017,1,0,1,F,29.600,Non,No phone service,ADSL,346.450,Month-to-month,1,Electronic check,11,No
KRMAW65783,0,0,0,H,93.400,Oui,No,Fibre,2979.300,Month-to-month,1,Credit card (automatic),32,No
ADFVN88846,1,1,0,H,101.950,Oui,Yes,Fibre,700.850,Month-to-month,1,Electronic check,7,Yes
VLYFX69333,1,0,1,H,59.950,Non,No phone service,ADSL,1848.800,One year,0,Electronic check,31,No
XJGDM48251,0,0,0,F,43.700,Non,No phone service,ADSL,2696.550,One year,0,Credit card (automatic),61,No
XWOQN18462,0,1,0,F,70.150,Oui,No,Fibre,70.150,Month-to-month,1,Electronic check,1,Yes
UZWLX80893,0,1,0,F,104.050,Oui,Yes,Fibre,7413.550,Two year,0,Bank transfer (automatic),71,No
AHUHD59409,0,0,0,H,70.600,Oui,No,Fibre,70.600,Month-to-month,0,Mailed check,1,Yes
CAJZV04329,0,0,0,H,90.700,Oui,No,Fibre,237.650,Month-to-month,0,Mailed check,3,No
ZPQRG32493,0,0,0,H,78.450,Oui,Yes,Fibre,330.050,Month-to-month,0,Electronic check,4,Yes
WEXXK67262,1,1,0,H,85.900,Oui,Yes,Fibre,2220.100,One year,1,Electronic check,27,No
AFWNC29845,0,0,0,F,95.400,Oui,No,Fibre,293.150,Month-to-month,0,Electronic check,3,No
UMROB91222,0,0,0,H,20.300,Oui,No,Non,20.300,Month-to-month,0,Mailed check,1,No
WHBIQ02386,1,0,1,H,89.700,Oui,Yes,ADSL,6339.300,Two year,0,Credit card (automatic),72,No
LBMUW24058,1,0,1,F,50.700,Non,No phone service,ADSL,3088.750,One year,1,Bank transfer (automatic),61,No
LXKDT51531,1,0,1,H,110.200,Oui,Yes,Fibre,7467.500,Two year,1,Electronic check,68,No
FDPEA30079,0,0,0,F,20.700,Oui,No,Non,39.850,Month-to-month,1,Bank transfer (automatic),2,No
SFVEW27913,0,0,0,F,20.150,Oui,No,Non,238.150,Month-to-month,0,Bank transfer (automatic),9,No
FRMTQ62655,0,0,0,H,20.400,Oui,No,Non,609.100,Two year,0,Bank transfer (automatic),31,No
WKXRZ66801,0,0,0,F,74.400,Oui,Yes,Fibre,215.800,Month-to-month,0,Bank transfer (automatic),3,Yes
RKMOW31743,1,0,1,H,109.950,Oui,Yes,Fibre,3782.400,Month-to-month,1,Electronic check,35,No
DDVLK08298,0,0,0,F,20.100,Oui,No,Non,302.450,One year,0,Credit card (automatic),15,No
YFWLT14152,0,1,0,F,89.300,Oui,No,Fibre,89.300,Month-to-month,1,Electronic check,1,Yes
FKVXZ75991,1,0,0,H,106.150,Oui,Yes,Fibre,4512.700,Month-to-month,1,Bank transfer (automatic),42,Yes
FPTAH56926,0,0,0,F,45.400,Oui,No,ADSL,45.400,Month-to-month,1,Mailed check,1,Yes
INWCK00207,1,0,1,F,95.750,Oui,Yes,Fibre,6849.400,Two year,1,Credit card (automatic),71,No
NMYVV31701,1,0,1,F,20.150,Oui,No,Non,930.900,Two year,0,Bank transfer (automatic),50,No
OPMBM88072,1,0,1,F,25.650,Oui,Yes,Non,1388.000,Two year,1,Credit card (automatic),55,No
HTYWR35574,0,0,0,F,74.050,Oui,Yes,ADSL,3496.300,Two year,0,Mailed check,47,No
KEYGT75528,1,0,0,H,19.550,Oui,No,Non,520.550,Two year,0,Bank transfer (automatic),27,No
PQHMK60616,0,0,0,F,19.900,Oui,No,Non,527.500,One year,0,Credit card (automatic),25,No
NZZIJ69071,0,0,0,F,99.150,Oui,Yes,Fibre,3615.600,Month-to-month,1,Electronic check,36,Yes
ISRNH22523,1,0,1,H,90.350,Oui,Yes,Fibre,767.900,One year,1,Electronic check,9,No
SUMCB04819,0,1,0,F,102.150,Oui,Yes,Fibre,4735.350,One year,1,Bank transfer (automatic),45,No
HOBAX47378,1,0,0,H,79.800,Oui,Yes,ADSL,5034.050,Two year,0,Credit card (automatic),63,No
YVMFA37809,1,0,1,F,68.550,Oui,No,ADSL,564.350,Month-to-month,1,Electronic check,8,No
NMQTX89081,0,0,0,H,65.600,Non,No phone service,ADSL,4566.500,Two year,1,Bank transfer (automatic),72,No
BJZHG29551,1,0,1,H,80.850,Oui,No,Fibre,1400.850,Month-to-month,0,Electronic check,17,Yes
CLUJA97762,1,1,0,F,77.500,Oui,Yes,Fibre,3807.350,Month-to-month,1,Electronic check,51,Yes
QGZNL90304,0,0,0,F,20.850,Oui,No,Non,161.650,Two year,0,Mailed check,8,No
QKIWO02689,0,0,0,F,19.750,Oui,No,Non,58.850,Month-to-month,0,Electronic check,3,Yes
HAPSU15554,1,0,1,F,23.900,Oui,Yes,Non,1663.500,Two year,0,Credit card (automatic),71,No
VWCCY64353,1,1,0,H,92.700,Oui,Yes,Fibre,5968.400,Two year,1,Credit card (automatic),65,No
GVNHT13209,1,0,1,H,108.400,Oui,Yes,Fibre,7767.250,Two year,1,Credit card (automatic),72,No
PMFUT52753,1,0,1,H,64.800,Non,No phone service,ADSL,4719.750,Two year,1,Credit card (automatic),72,No
QRAJY29884,0,0,0,H,110.050,Oui,Yes,Fibre,7430.750,Two year,1,Credit card (automatic),69,No
CGTOD72743,0,0,0,H,43.700,Non,No phone service,ADSL,2618.300,Two year,1,Bank transfer (automatic),62,No
ZXKVS04421,1,1,0,F,115.600,Oui,Yes,Fibre,6431.050,One year,1,Bank transfer (automatic),54,No
DIGZV14072,1,0,1,F,19.100,Oui,No,Non,52.000,Two year,0,Mailed check,3,No
LGEUL90695,1,0,0,H,59.950,Oui,No,ADSL,1406.000,Month-to-month,1,Bank transfer (automatic),23,No
DQMTP90464,0,0,0,H,20.750,Oui,No,Non,739.900,Month-to-month,0,Bank transfer (automatic),35,No
QMNRR60752,0,0,0,F,49.750,Oui,No,ADSL,2535.550,Month-to-month,1,Bank transfer (automatic),52,No
HFAZW50911,0,0,0,F,91.150,Oui,No,Fibre,168.500,Month-to-month,1,Electronic check,2,No
HSWOC91352,1,0,1,H,19.700,Oui,No,Non,1274.050,Two year,1,Bank transfer (automatic),64,No
BVCJH73656,0,0,0,H,24.400,Non,No phone service,ADSL,24.400,Month-to-month,1,Electronic check,1,No
MDZFX44502,1,0,1,H,74.350,Oui,Yes,Fibre,4453.300,Month-to-month,0,Bank transfer (automatic),60,No
GHBPI73841,1,0,0,H,35.150,Non,No phone service,ADSL,99.750,Month-to-month,1,Electronic check,3,Yes
BZIUW03929,1,0,0,F,105.000,Oui,Yes,Fibre,7589.800,Two year,1,Credit card (automatic),72,No
NRPAP39165,0,0,0,H,85.700,Oui,No,Fibre,256.750,Month-to-month,0,Credit card (automatic),3,No
JHKYS17446,1,0,0,F,24.700,Oui,Yes,Non,780.200,Month-to-month,0,Electronic check,34,No
BCQGE28429,0,0,0,H,75.350,Oui,Yes,Fibre,3161.400,Month-to-month,1,Credit card (automatic),43,No
MJPDY71344,0,1,0,F,102.850,Oui,Yes,Fibre,6976.750,One year,1,Credit card (automatic),66,No
RNPGT55553,0,0,1,H,24.800,Oui,Yes,Non,223.900,Month-to-month,0,Credit card (automatic),10,No
FDVVT05204,0,0,0,H,102.350,Oui,No,Fibre,3626.100,One year,1,Bank transfer (automatic),35,Yes
KDOMA06705,0,0,0,F,20.250,Oui,No,Non,20.250,Month-to-month,1,Mailed check,1,No
GWVPJ83294,1,0,1,F,69.750,Oui,No,Fibre,3557.700,Month-to-month,1,Bank transfer (automatic),50,No
VXNZD88166,0,0,0,F,75.100,Oui,Yes,Fibre,75.100,Month-to-month,1,Electronic check,1,Yes
LMRSF08952,0,0,0,H,64.900,Oui,No,ADSL,1509.800,One year,1,Bank transfer (automatic),23,No
LZQOH92832,1,0,1,H,74.400,Oui,Yes,Fibre,896.750,Month-to-month,1,Credit card (automatic),13,Yes
WJVCQ95775,0,0,0,F,54.450,Oui,Yes,ADSL,3687.750,Month-to-month,0,Mailed check,68,No
ROHMO44525,0,0,0,F,19.600,Oui,No,Non,331.600,Two year,0,Mailed check,15,No
BLBUC46826,1,0,0,H,70.950,Oui,No,ADSL,3250.450,One year,1,Electronic check,44,No
DHFWZ76015,0,0,0,F,24.000,Oui,Yes,Non,1183.050,Two year,0,Credit card (automatic),48,No
HSUSE08172,0,0,0,H,75.500,Oui,No,ADSL,75.500,Month-to-month,1,Electronic check,1,No
ZADCK45986,0,0,0,F,53.600,Non,No phone service,ADSL,2879.200,One year,1,Electronic check,53,No
ROJOC78836,1,0,0,F,44.900,Oui,No,ADSL,839.650,Month-to-month,0,Mailed check,19,No
NNPNO61453,0,0,0,F,44.150,Oui,No,ADSL,44.150,Month-to-month,0,Bank transfer (automatic),1,No
QLWTP97384,0,0,0,H,81.900,Oui,No,Fibre,3219.750,One year,0,Electronic check,39,No
QDGTH91547,1,0,1,H,104.300,Oui,Yes,Fibre,4451.850,One year,1,Credit card (automatic),43,No
FRQOC94309,0,0,1,F,87.100,Oui,Yes,Fibre,341.450,Month-to-month,1,Mailed check,4,Yes
WNZEM79985,0,0,0,H,80.600,Oui,Yes,ADSL,5708.200,Two year,0,Bank transfer (automatic),71,No
ZRVAX21959,1,0,0,F,85.300,Oui,No,Fibre,4045.650,Month-to-month,1,Electronic check,47,Yes
UJOJR97221,1,0,1,H,70.750,Oui,No,Fibre,1974.800,Month-to-month,1,Electronic check,29,Yes
UAXBZ82247,1,0,0,F,45.350,Non,No phone service,ADSL,2540.100,One year,1,Electronic check,58,No
VGMMV86142,0,0,0,F,49.100,Oui,Yes,ADSL,679.550,Month-to-month,1,Electronic check,15,Yes
GGUAZ29047,1,0,0,F,84.050,Oui,Yes,Fibre,6052.250,Two year,1,Bank transfer (automatic),72,No
JNZZG63975,1,1,0,F,55.550,Non,No phone service,ADSL,2342.200,Month-to-month,0,Credit card (automatic),43,Yes
XLKNJ45982,1,1,0,F,98.500,Oui,No,Fibre,2514.500,Month-to-month,1,Electronic check,25,Yes
QOTTN87393,1,0,0,F,20.350,Oui,No,Non,41.850,Month-to-month,0,Mailed check,2,No
FJFCC16359,0,0,0,F,44.050,Oui,No,ADSL,202.150,Month-to-month,1,Credit card (automatic),5,No
SWWKL17949,1,0,1,H,59.650,Oui,Yes,ADSL,867.100,Month-to-month,1,Bank transfer (automatic),15,No
LGCCH04866,1,0,1,H,19.650,Oui,No,Non,225.750,Two year,0,Mailed check,11,No
TSGWN65095,1,0,1,F,26.450,Oui,Yes,Non,911.600,Month-to-month,0,Mailed check,37,No
SAYYN40789,0,0,0,F,100.750,Oui,Yes,Fibre,1129.750,Month-to-month,1,Electronic check,11,Yes
FBAWU70887,1,0,1,F,74.550,Oui,No,ADSL,1215.800,Month-to-month,0,Mailed check,17,No
DSMNQ52683,1,1,0,F,97.950,Oui,Yes,Fibre,5936.550,One year,1,Credit card (automatic),62,No
JZPZT16666,0,0,0,H,49.000,Oui,Yes,ADSL,1291.350,Month-to-month,0,Mailed check,27,No
OUPYD96218,1,0,0,F,20.200,Oui,No,Non,507.900,One year,1,Bank transfer (automatic),25,No
JDVEC06082,1,0,0,H,19.800,Oui,No,Non,1013.200,Two year,0,Electronic check,50,No
PHULV09794,1,0,1,H,99.450,Oui,Yes,Fibre,7007.600,Month-to-month,1,Credit card (automatic),69,Yes
NQDBD98913,1,0,0,F,25.550,Oui,Yes,Non,672.200,One year,0,Mailed check,28,No
PPETC61699,1,0,1,H,20.500,Oui,No,Non,759.350,Two year,0,Bank transfer (automatic),35,No
TMKGR88735,0,0,0,H,19.100,Oui,No,Non,529.500,One year,0,Mailed check,29,No
VRBMR48325,1,1,0,H,103.150,Oui,Yes,Fibre,6792.450,One year,1,Bank transfer (automatic),65,No
DHMIN28787,1,0,1,H,19.900,Oui,No,Non,666.000,One year,0,Electronic check,35,No
PLFUU65822,1,0,1,H,19.550,Oui,No,Non,1086.750,Two year,0,Credit card (automatic),51,No
CVCET38594,0,0,0,F,45.650,Oui,No,ADSL,191.050,Month-to-month,0,Mailed check,4,Yes
LDIWQ20406,1,0,1,H,84.200,Oui,Yes,ADSL,5324.500,Two year,1,Bank transfer (automatic),65,No
APPBJ35114,0,0,0,H,99.950,Oui,No,Fibre,2292.750,One year,1,Credit card (automatic),23,No
QBWSJ38653,0,1,1,H,80.450,Oui,Yes,Fibre,3162.650,Month-to-month,1,Mailed check,38,No
GQVCR50196,0,1,0,H,84.850,Oui,Yes,Fibre,3645.600,Month-to-month,1,Electronic check,43,No
YPYBZ51979,1,0,1,F,25.250,Oui,Yes,Non,274.700,Two year,0,Credit card (automatic),12,No
QUSFT48371,1,0,0,F,100.150,Oui,Yes,Fibre,6643.500,One year,1,Bank transfer (automatic),65,No
QOFDP09161,1,1,1,F,95.800,Oui,Yes,Fibre,1346.300,Month-to-month,1,Electronic check,14,No
EWIEB63311,0,0,0,H,85.250,Oui,Yes,Fibre,1734.500,Month-to-month,1,Electronic check,20,Yes
OABFK51816,1,0,1,F,61.300,Oui,No,ADSL,3346.800,Two year,1,Credit card (automatic),56,No
HHQPF67439,1,0,0,H,25.100,Non,No phone service,ADSL,1097.150,Month-to-month,1,Credit card (automatic),42,No
UBDAR13918,0,0,0,H,72.900,Oui,No,Fibre,818.450,Month-to-month,0,Electronic check,11,No
OXENN73143,0,0,0,H,82.000,Oui,Yes,Fibre,184.650,Month-to-month,1,Electronic check,2,Yes
WCZVT14659,1,0,1,F,19.650,Oui,No,Non,60.650,Month-to-month,0,Mailed check,3,No
XZMAZ34283,0,0,0,H,69.350,Oui,No,Fibre,69.350,Month-to-month,1,Electronic check,1,Yes
YSWCA10932,0,0,0,H,19.550,Oui,No,Non,223.150,Two year,0,Credit card (automatic),11,No
QAJDW12301,0,0,0,H,65.250,Oui,Yes,ADSL,209.900,Month-to-month,1,Mailed check,3,No
ITULD86055,0,0,0,F,19.550,Oui,No,Non,19.550,Month-to-month,0,Mailed check,1,No
TIDSV21816,1,0,1,H,19.950,Oui,No,Non,1303.250,Two year,1,Bank transfer (automatic),68,No
LDZJS17224,1,0,1,H,20.200,Oui,No,Non,1068.150,One year,0,Credit card (automatic),53,No
GSTLM52984,0,1,0,F,101.400,Oui,Yes,Fibre,6176.600,One year,1,Bank transfer (automatic),60,No
DRSQT42741,0,0,0,F,88.900,Oui,Yes,Fibre,6000.100,One year,1,Bank transfer (automatic),66,No
CBZOP94737,0,0,0,F,59.000,Oui,Yes,ADSL,1654.450,One year,0,Mailed check,28,No
LXORM67056,1,1,0,F,70.050,Oui,No,Fibre,302.600,Month-to-month,0,Electronic check,5,No
OCLGR27789,1,1,0,H,39.100,Non,No phone service,ADSL,971.300,Month-to-month,0,Bank transfer (automatic),24,Yes
CVLHP59065,1,0,1,F,54.150,Oui,No,ADSL,2319.800,One year,1,Credit card (automatic),45,Yes
NICCO61379,1,0,1,F,94.050,Oui,Yes,Fibre,518.750,Month-to-month,1,Mailed check,6,No
JLBUG83484,1,1,0,H,80.300,Oui,No,Fibre,5017.700,One year,0,Credit card (automatic),64,No
WNXSB19302,1,0,1,H,92.850,Oui,No,Fibre,5305.050,Month-to-month,1,Electronic check,58,No
VVHHE60158,0,1,0,F,83.150,Oui,Yes,Fibre,446.050,Month-to-month,1,Credit card (automatic),5,Yes
ZYDST78698,1,0,0,H,59.050,Oui,Yes,ADSL,1882.800,Month-to-month,1,Credit card (automatic),31,No
YAPAF09398,0,0,0,F,100.250,Oui,Yes,Fibre,3527.600,Month-to-month,1,Electronic check,35,Yes
TDIPC92946,0,0,1,H,20.200,Oui,No,Non,83.750,Month-to-month,0,Mailed check,5,No
YQHXC66926,0,0,0,H,69.950,Oui,No,Fibre,1205.500,Month-to-month,1,Credit card (automatic),16,No
XXGNS89993,1,1,0,F,105.750,Oui,Yes,Fibre,7629.850,One year,1,Credit card (automatic),72,No
RLGGM66514,1,0,1,H,26.300,Oui,Yes,Non,1688.900,Two year,0,Mailed check,67,No
FJVYR56845,1,0,1,F,90.350,Oui,Yes,Fibre,6563.400,Two year,1,Bank transfer (automatic),72,No
YPTBX94475,1,0,0,F,19.850,Oui,No,Non,943.100,One year,1,Bank transfer (automatic),50,No
JFBOK27409,0,0,0,H,24.000,Oui,Yes,Non,226.550,Month-to-month,1,Electronic check,10,No
OQZDQ61085,1,0,1,F,97.950,Oui,Yes,Fibre,384.500,Month-to-month,1,Electronic check,4,Yes
TROQR07227,0,1,0,F,74.900,Oui,Yes,Fibre,321.750,Month-to-month,1,Electronic check,4,Yes
DSHIH25042,1,1,0,H,86.800,Oui,Yes,Fibre,1975.850,Month-to-month,0,Electronic check,23,No
LSCKB62298,0,1,0,H,79.700,Oui,No,Fibre,497.600,Month-to-month,1,Electronic check,6,No
BSVIN91693,0,0,0,H,74.750,Oui,Yes,ADSL,827.050,Month-to-month,0,Bank transfer (automatic),12,No
PHSMG95128,1,0,0,F,20.550,Oui,No,Non,252.750,Month-to-month,1,Mailed check,10,No
YLZJG13191,1,0,0,H,84.600,Oui,No,Fibre,959.900,Month-to-month,1,Electronic check,12,No
CNQRM06281,1,0,1,H,67.500,Oui,No,ADSL,1544.050,One year,1,Bank transfer (automatic),22,Yes
SNHFZ24528,0,0,0,F,75.450,Oui,No,Fibre,3545.100,Month-to-month,0,Credit card (automatic),47,No
QRCBC70793,0,0,0,F,98.750,Oui,Yes,Fibre,2407.300,Month-to-month,1,Electronic check,24,Yes
QLSIR08663,0,0,0,F,64.400,Oui,Yes,ADSL,2088.750,One year,1,Mailed check,34,Yes
YMFAW65498,1,1,0,H,21.250,Oui,No,Non,204.550,Month-to-month,1,Mailed check,9,No
XWMSS06185,0,0,1,H,74.900,Oui,No,Fibre,2068.550,Month-to-month,1,Bank transfer (automatic),28,Yes
PIBKO29549,1,0,1,F,64.150,Oui,Yes,ADSL,4254.100,Two year,1,Credit card (automatic),69,No
YOOHP44506,0,0,0,F,50.650,Non,No phone service,ADSL,1905.400,Month-to-month,1,Credit card (automatic),39,No
YMZNM12583,0,1,0,F,110.500,Oui,Yes,Fibre,2857.600,One year,1,Bank transfer (automatic),27,No
XRECV58575,0,0,1,F,20.500,Oui,No,Non,38.250,One year,0,Bank transfer (automatic),2,No
IZWLY72985,0,0,0,F,19.400,Oui,No,Non,19.400,Month-to-month,1,Mailed check,1,No
XRJRS80798,1,0,0,H,89.750,Oui,Yes,Fibre,5769.600,One year,0,Electronic check,65,Yes
ABPKK34828,0,0,0,F,54.300,Oui,No,ADSL,1546.300,One year,0,Mailed check,28,No
LLQFO76136,0,0,0,H,84.450,Oui,Yes,Fibre,1059.550,Month-to-month,1,Electronic check,12,Yes
DCFDQ03905,1,1,0,F,70.450,Oui,No,Fibre,70.450,Month-to-month,1,Mailed check,1,Yes
PMGFL26403,0,0,1,H,79.500,Oui,Yes,Fibre,2180.550,Month-to-month,1,Electronic check,27,Yes
LZVOZ70085,1,0,1,H,25.300,Oui,Yes,Non,1672.350,Two year,1,Credit card (automatic),66,No
BEPCI79213,0,0,0,F,59.750,Oui,Yes,ADSL,4265.000,Two year,0,Bank transfer (automatic),72,No
LPVGL22055,1,1,1,H,89.850,Oui,Yes,Fibre,5125.750,One year,1,Bank transfer (automatic),58,No
VBYBZ38116,0,0,0,H,99.800,Oui,Yes,Fibre,673.250,Month-to-month,1,Electronic check,7,Yes
SXESE29791,1,0,1,F,94.400,Oui,Yes,Fibre,1607.200,Month-to-month,0,Electronic check,17,Yes
AURJA12998,1,0,1,F,24.700,Oui,Yes,Non,1685.900,Two year,0,Bank transfer (automatic),70,No
ZVAPM92448,0,0,0,H,45.600,Oui,No,ADSL,45.600,Month-to-month,0,Mailed check,1,No
PLTMQ85922,0,0,0,F,24.700,Oui,Yes,Non,1642.750,One year,0,Mailed check,64,No
HPKQT35371,1,0,0,F,77.750,Oui,Yes,Fibre,4266.400,Month-to-month,1,Credit card (automatic),55,No
CYCQN05499,0,1,0,H,79.600,Oui,Yes,Fibre,3974.700,One year,1,Bank transfer (automatic),51,No
SDBKE45486,0,0,0,F,85.200,Oui,Yes,Fibre,474.800,Month-to-month,1,Electronic check,5,Yes
EMYVT15576,0,0,0,F,115.050,Oui,Yes,Fibre,4895.100,Two year,0,Credit card (automatic),43,No
IMHCC70563,1,1,0,H,101.900,Oui,Yes,Fibre,5549.400,Month-to-month,1,Electronic check,53,Yes
RZFUK96258,1,0,1,H,19.700,Oui,No,Non,1275.850,Two year,0,Mailed check,63,No
CZYIL23465,0,0,0,H,20.350,Oui,No,Non,531.600,Two year,0,Credit card (automatic),27,No
WRAHC57601,0,1,0,F,69.750,Oui,No,ADSL,1545.400,Month-to-month,1,Mailed check,22,No
IGSLP58983,1,0,1,H,89.300,Oui,Yes,Fibre,2823.000,Month-to-month,0,Electronic check,31,No
IVBWA22505,1,0,1,H,81.050,Oui,No,Fibre,5135.350,Month-to-month,0,Electronic check,64,No
KTGCG53241,1,0,0,H,20.850,Oui,No,Non,1539.750,One year,0,Electronic check,71,No
WFGGJ88191,1,0,0,H,54.100,Non,No phone service,ADSL,3794.500,Two year,1,Bank transfer (automatic),68,No
EJFJP91082,1,0,0,F,53.550,Oui,No,ADSL,53.550,Month-to-month,1,Mailed check,1,No
GSWPO74262,0,1,0,H,103.500,Oui,Yes,Fibre,6548.650,Month-to-month,1,Bank transfer (automatic),64,No
VKACU32345,0,0,0,H,70.300,Oui,No,ADSL,132.400,Month-to-month,0,Electronic check,2,No
JBWMO55224,0,0,1,H,44.000,Oui,No,ADSL,44.000,Month-to-month,0,Electronic check,1,No
FEJAM11043,1,0,1,H,64.400,Oui,Yes,ADSL,1802.150,Month-to-month,0,Electronic check,28,No
DGXLL50676,0,0,0,H,20.250,Oui,No,Non,36.800,Month-to-month,0,Mailed check,2,No
GCPMU33981,1,1,1,F,89.550,Oui,Yes,ADSL,6448.850,Two year,1,Credit card (automatic),72,No
BLEPA37363,0,0,0,H,91.250,Oui,No,Fibre,2483.650,One year,1,Bank transfer (automatic),28,No
ECXKC26969,1,0,1,F,100.900,Oui,Yes,Fibre,5448.600,One year,0,Mailed check,55,No
DKZFP22963,1,0,0,F,71.000,Oui,No,ADSL,4386.200,Two year,0,Bank transfer (automatic),65,No
ZWPBF99718,1,1,1,H,108.900,Oui,Yes,Fibre,3625.200,Month-to-month,1,Electronic check,34,No
HCZGT26344,1,1,0,H,60.050,Oui,Yes,ADSL,3229.650,One year,1,Electronic check,53,Yes
CFTAT76969,1,0,1,H,19.800,Oui,No,Non,726.100,Two year,0,Bank transfer (automatic),37,No
WWOEW21894,0,0,1,F,85.900,Oui,No,Fibre,1269.550,Month-to-month,1,Bank transfer (automatic),15,Yes
KVQRD57029,1,0,0,H,82.550,Oui,No,ADSL,5832.650,Two year,1,Electronic check,71,No
EJVQB43438,0,0,0,H,74.350,Oui,No,Fibre,533.600,Month-to-month,0,Mailed check,7,No
BEXHZ30226,1,0,1,H,111.200,Oui,Yes,Fibre,7530.800,Two year,1,Bank transfer (automatic),67,No
AXJJK22795,1,0,0,H,95.650,Oui,Yes,Fibre,5088.400,Month-to-month,1,Credit card (automatic),52,No
TAZPM82131,1,0,1,F,108.750,Oui,Yes,Fibre,7493.050,One year,1,Bank transfer (automatic),69,No
EICRF67786,1,0,1,H,74.800,Oui,Yes,ADSL,1821.200,One year,0,Mailed check,24,No
UOINI22728,0,0,0,F,78.500,Oui,No,ADSL,571.050,Month-to-month,1,Electronic check,7,No
FOLON74523,0,0,1,H,25.450,Oui,Yes,Non,958.450,One year,0,Bank transfer (automatic),39,No
EXRMO12159,1,0,0,H,20.550,Oui,No,Non,1067.650,Two year,0,Mailed check,50,No
EDEBV95715,1,0,0,H,98.650,Oui,Yes,Fibre,6962.850,One year,1,Credit card (automatic),71,No
UYHZD08546,1,0,1,F,19.550,Oui,No,Non,265.300,Two year,0,Mailed check,13,No
CEUEN89929,0,0,0,F,18.850,Oui,No,Non,18.850,Month-to-month,0,Electronic check,1,No
OQIQY00828,0,0,0,H,94.200,Oui,No,Fibre,2607.600,Month-to-month,1,Electronic check,29,No
QGCXA08228,1,1,0,F,83.850,Oui,Yes,ADSL,2310.200,Month-to-month,0,Electronic check,27,No
BVTKJ53065,1,0,1,H,55.800,Oui,No,ADSL,2651.200,One year,1,Credit card (automatic),48,No
OVKUP24726,1,0,0,H,91.000,Oui,No,Fibre,531.000,Month-to-month,1,Electronic check,6,Yes
OMULG80979,1,0,1,H,76.750,Oui,No,ADSL,4541.900,One year,0,Credit card (automatic),59,No
HCERK14212,1,1,0,H,105.700,Oui,Yes,Fibre,3181.800,Month-to-month,1,Bank transfer (automatic),30,No
VUKWP59181,0,0,0,F,20.550,Oui,No,Non,654.550,One year,0,Bank transfer (automatic),32,No
NMQXL33187,0,0,0,H,92.000,Oui,No,Fibre,266.800,Month-to-month,1,Electronic check,3,No
OZMFH69213,1,0,1,H,55.700,Oui,Yes,ADSL,259.400,Month-to-month,1,Mailed check,5,No
ZNBSX94154,1,0,1,F,89.000,Oui,Yes,ADSL,6293.200,Two year,1,Bank transfer (automatic),70,No
TBBWB55428,0,0,0,H,69.900,Oui,No,Fibre,69.900,Month-to-month,1,Electronic check,1,No
JIXNM74014,1,0,1,F,91.300,Oui,Yes,ADSL,4965.000,Two year,0,Credit card (automatic),54,No
UZOSF14525,1,0,1,H,106.100,Oui,Yes,Fibre,7548.600,Two year,1,Credit card (automatic),72,No
XBKMM05317,0,0,1,H,65.700,Oui,Yes,ADSL,4378.900,Two year,0,Bank transfer (automatic),66,No
VEKBL51542,0,0,0,F,58.500,Non,No phone service,ADSL,539.850,Month-to-month,0,Mailed check,9,Yes
XSJKX25163,1,0,1,F,78.450,Oui,No,ADSL,3126.450,Two year,0,Electronic check,41,No
OSFXZ47828,1,1,0,F,82.700,Oui,Yes,ADSL,5831.200,Two year,1,Bank transfer (automatic),71,No
HXDMR93514,1,0,0,H,110.900,Oui,Yes,Fibre,8240.850,Two year,1,Credit card (automatic),72,No
PPCED83093,1,0,0,F,110.450,Oui,Yes,Fibre,7982.500,Two year,1,Bank transfer (automatic),72,No
UNOJF88021,0,1,0,H,83.800,Oui,No,Fibre,1029.750,Month-to-month,1,Mailed check,12,Yes
USQYQ77538,0,0,0,H,64.200,Oui,No,ADSL,3627.300,One year,1,Electronic check,55,No
LPTYJ48228,1,0,0,H,103.750,Oui,Yes,Fibre,7346.200,Two year,1,Bank transfer (automatic),72,No
FLYZI37618,1,1,0,F,108.800,Oui,Yes,Fibre,7082.450,Month-to-month,1,Bank transfer (automatic),65,No
QRJKY46363,1,0,1,F,80.500,Oui,Yes,Fibre,502.850,Month-to-month,1,Electronic check,6,Yes
BMGFE33764,0,0,0,F,70.900,Oui,No,Fibre,273.000,Month-to-month,1,Bank transfer (automatic),4,Yes
PZWGX54455,0,0,0,H,102.000,Oui,Yes,Fibre,6529.250,One year,0,Electronic check,62,Yes
DSCIC15679,0,0,0,H,94.000,Oui,Yes,Fibre,773.650,Month-to-month,1,Electronic check,8,Yes
THSLQ53869,1,1,0,F,45.550,Non,No phone service,ADSL,3027.250,One year,0,Bank transfer (automatic),66,No
LWDTQ63311,0,0,0,H,72.150,Oui,Yes,ADSL,794.250,Month-to-month,1,Credit card (automatic),10,Yes
AHGNL93601,1,1,0,F,109.550,Oui,Yes,Fibre,4830.250,One year,1,Mailed check,43,Yes
UWTFY21504,1,0,1,F,61.150,Oui,No,ADSL,1422.050,Month-to-month,0,Mailed check,22,Yes
DFXCU15085,0,0,0,H,81.450,Oui,No,Fibre,912.000,Month-to-month,1,Electronic check,12,No
CEDNV78018,1,0,0,H,48.700,Oui,No,ADSL,1421.750,One year,0,Credit card (automatic),27,No
HVIZY27173,0,0,1,F,20.050,Oui,No,Non,163.600,Month-to-month,0,Mailed check,8,No
SUDOG00644,1,0,1,F,20.300,Oui,No,Non,224.500,Two year,0,Bank transfer (automatic),12,No
HAQTX61645,0,0,0,H,53.950,Non,No phone service,ADSL,3888.650,Two year,0,Bank transfer (automatic),71,No
FZFRV12281,1,0,1,H,105.950,Oui,Yes,Fibre,5341.800,Month-to-month,0,Credit card (automatic),50,Yes
JRFBR16793,1,0,1,F,108.150,Oui,Yes,Fibre,7930.550,One year,1,Credit card (automatic),70,No
RTPQD19199,1,0,1,H,44.750,Oui,No,ADSL,333.650,Month-to-month,0,Electronic check,7,No
EUYET76412,1,1,1,H,100.700,Oui,Yes,Fibre,4541.200,Month-to-month,1,Electronic check,46,Yes
FVBQP27204,1,0,1,F,48.950,Oui,Yes,ADSL,273.250,Month-to-month,1,Credit card (automatic),6,No
PWSEV80358,0,0,0,F,89.250,Oui,No,Fibre,487.050,Month-to-month,1,Electronic check,6,No
LQRIK35478,1,0,0,F,26.900,Oui,Yes,Non,1250.850,One year,0,Electronic check,47,No
OIWME03769,1,0,0,H,93.600,Oui,No,Fibre,3366.050,Month-to-month,1,Electronic check,36,No
XBFAC03252,0,0,0,H,94.700,Oui,No,Fibre,740.300,Month-to-month,1,Electronic check,8,Yes
XQWSV22925,1,0,1,H,60.300,Non,No phone service,ADSL,2448.500,One year,0,Mailed check,40,No
JHJGE22528,0,0,0,H,104.000,Oui,Yes,Fibre,6363.450,One year,0,Electronic check,61,No
YJWAS61766,1,0,0,H,97.950,Oui,Yes,Fibre,7114.250,Two year,1,Credit card (automatic),72,No
ZTSIW63838,1,1,0,F,99.100,Oui,No,Fibre,3877.950,One year,0,Mailed check,39,No
MSDYN43654,1,0,0,H,19.550,Oui,No,Non,161.150,Month-to-month,1,Bank transfer (automatic),8,No
ESIQH14553,0,0,0,H,89.100,Oui,No,Fibre,89.100,Month-to-month,1,Electronic check,1,Yes
NJCMS46643,1,0,0,F,59.550,Non,No phone service,ADSL,2016.300,Two year,0,Bank transfer (automatic),33,No
BANWH49113,0,0,1,F,86.550,Oui,Yes,Fibre,2697.400,Month-to-month,1,Credit card (automatic),31,Yes
FKDNK73945,1,0,0,F,89.450,Oui,No,Fibre,853.100,Month-to-month,0,Electronic check,9,Yes
ABVLB82859,1,0,0,F,19.850,Oui,No,Non,1328.350,Two year,0,Credit card (automatic),70,No
OBGFZ46449,1,0,1,H,19.500,Oui,No,Non,1026.350,One year,0,Mailed check,55,No
BGQXN84107,0,0,0,H,19.400,Oui,No,Non,93.400,Month-to-month,0,Mailed check,4,No
TVOCN40916,0,0,1,H,78.750,Oui,Yes,ADSL,3682.450,One year,1,Credit card (automatic),48,No
SMCFK71579,0,0,1,H,19.750,Oui,No,Non,1124.200,Two year,0,Mailed check,61,No
CAYJJ97997,1,1,0,F,69.300,Oui,No,Fibre,153.800,Month-to-month,1,Electronic check,2,No
QKIUE36839,0,0,0,F,50.800,Oui,No,ADSL,288.050,Month-to-month,1,Bank transfer (automatic),6,Yes
WZPHD35385,0,0,0,H,29.600,Non,No phone service,ADSL,79.450,Month-to-month,1,Electronic check,3,Yes
OTCHB82057,0,0,0,H,43.750,Non,No phone service,ADSL,903.600,One year,1,Bank transfer (automatic),22,Yes
YTAFD76748,0,0,0,F,79.950,Oui,No,Fibre,2684.850,One year,1,Bank transfer (automatic),33,No
SAVHK15713,0,0,0,H,99.950,Oui,Yes,Fibre,1132.750,Month-to-month,1,Mailed check,12,Yes
PWPMG17796,1,1,0,F,114.650,Oui,Yes,Fibre,8333.950,Two year,1,Bank transfer (automatic),72,No
JQABI39697,1,0,0,F,65.250,Oui,No,ADSL,3791.600,Month-to-month,1,Credit card (automatic),58,No
QKNKB33132,1,0,0,H,85.550,Oui,Yes,Fibre,5084.650,One year,0,Electronic check,59,Yes
YJYXS90868,1,0,1,H,77.200,Oui,Yes,ADSL,2753.800,One year,0,Bank transfer (automatic),34,No
DYXUB12481,1,0,1,H,24.800,Oui,Yes,Non,1229.100,Two year,0,Mailed check,52,No
TWIEM06211,0,0,0,H,45.550,Oui,No,ADSL,402.600,Month-to-month,1,Electronic check,10,Yes
JOEVF86794,0,1,0,F,59.400,Oui,No,ADSL,1023.900,Month-to-month,0,Electronic check,16,Yes
NMNBO34242,1,1,0,H,108.850,Oui,Yes,Fibre,6287.250,One year,1,Electronic check,58,Yes
JCUDS72092,0,0,0,H,94.900,Oui,No,Fibre,1048.850,Month-to-month,1,Electronic check,10,Yes
OBOYL79528,0,0,0,H,89.850,Oui,No,Fibre,244.450,Month-to-month,1,Mailed check,3,No
DNYAP78768,1,0,1,F,19.800,Oui,No,Non,1436.950,Two year,0,Credit card (automatic),69,No
NNDYT65493,0,0,0,F,30.850,Non,No phone service,ADSL,394.100,Month-to-month,1,Bank transfer (automatic),13,No
KLXBN54193,1,0,1,F,89.150,Oui,No,Fibre,2257.750,Month-to-month,1,Bank transfer (automatic),25,Yes
HTLJB50288,0,1,0,H,20.050,Oui,No,Non,20.050,Month-to-month,0,Mailed check,1,Yes
ETJZO15416,0,0,0,H,62.050,Oui,Yes,ADSL,62.050,Month-to-month,0,Mailed check,1,Yes
CHVCF69993,0,0,0,H,102.100,Oui,Yes,Fibre,7149.350,Two year,1,Bank transfer (automatic),68,No
ZFFMM51671,0,0,0,H,90.850,Oui,Yes,Fibre,90.850,Month-to-month,1,Credit card (automatic),1,Yes
MTTXK63266,0,0,0,H,100.850,Oui,Yes,Fibre,819.550,Month-to-month,0,Electronic check,8,Yes
NZGTA41954,0,0,0,F,25.250,Non,No phone service,ADSL,25.250,Month-to-month,0,Electronic check,1,No
PTMIK56191,1,0,0,F,53.100,Oui,Yes,ADSL,2459.800,Month-to-month,0,Electronic check,46,No
IJWDZ39328,0,0,0,H,103.650,Oui,Yes,Fibre,4747.850,Month-to-month,1,Bank transfer (automatic),45,No
IVVAZ70898,0,0,0,F,103.350,Oui,Yes,Fibre,847.300,Month-to-month,1,Bank transfer (automatic),8,Yes
VATUS33871,0,0,0,H,94.850,Oui,Yes,Fibre,462.800,Month-to-month,1,Bank transfer (automatic),5,Yes
VXSXJ54821,0,0,0,H,93.200,Oui,No,Fibre,2157.300,Month-to-month,1,Mailed check,22,No
OWURY23862,0,0,0,F,95.300,Oui,No,Fibre,5817.700,Month-to-month,1,Electronic check,58,No
TRCZQ26257,1,0,0,F,49.650,Non,No phone service,ADSL,2553.350,Month-to-month,1,Electronic check,51,No
RBEEE90396,0,0,0,H,48.950,Non,No phone service,ADSL,1880.850,Month-to-month,1,Credit card (automatic),39,Yes
MBQNU67653,1,0,0,F,26.000,Oui,Yes,Non,684.050,One year,0,Mailed check,26,No
WTBXE08431,0,0,0,H,85.450,Oui,Yes,Fibre,4517.250,Month-to-month,0,Bank transfer (automatic),53,Yes
PWKYE14483,1,0,1,H,80.000,Oui,No,Fibre,80.000,Month-to-month,0,Electronic check,1,Yes
YPKDH63173,0,0,0,F,29.950,Non,No phone service,ADSL,29.950,Month-to-month,0,Bank transfer (automatic),1,Yes
CWDNU20272,1,0,1,H,85.600,Oui,No,Fibre,1601.500,Month-to-month,1,Electronic check,18,No
WWXQZ20683,0,0,0,H,20.050,Oui,No,Non,902.000,Two year,0,Bank transfer (automatic),46,No
OHIHY61106,0,0,0,H,79.250,Oui,No,Fibre,267.600,Month-to-month,0,Electronic check,3,Yes
GFWQL39451,0,0,1,F,44.550,Oui,No,ADSL,480.600,Month-to-month,1,Electronic check,12,Yes
KWHJO86451,0,0,0,H,55.000,Non,No phone service,ADSL,771.950,Month-to-month,1,Electronic check,14,No
CPTUL28154,0,1,0,H,70.250,Oui,No,Fibre,331.900,Month-to-month,1,Mailed check,5,Yes
OOHAR05168,1,0,1,H,100.350,Oui,No,Fibre,2799.000,One year,0,Bank transfer (automatic),28,No
GZBBC03977,1,1,0,H,93.850,Oui,Yes,Fibre,5574.750,Month-to-month,1,Bank transfer (automatic),59,Yes
REOAC35809,0,0,0,H,44.850,Oui,No,ADSL,435.400,Month-to-month,1,Credit card (automatic),10,Yes
KLNYW82009,1,0,0,F,80.900,Oui,No,ADSL,1714.950,One year,0,Mailed check,21,No
HRTNN33177,0,1,0,F,45.700,Non,No phone service,ADSL,198.000,Month-to-month,0,Electronic check,5,Yes
EQPNQ91084,1,0,1,F,26.100,Oui,Yes,Non,225.550,Two year,0,Credit card (automatic),10,No
ZDBMA34204,0,1,0,H,71.450,Oui,No,Fibre,371.600,Month-to-month,1,Mailed check,5,No
IWKVK07273,1,0,0,H,79.900,Oui,No,Fibre,741.700,Month-to-month,1,Electronic check,9,Yes
AFGBW83131,1,0,0,H,73.600,Oui,No,ADSL,3522.650,Two year,0,Electronic check,47,No
SCJKT63518,0,0,0,H,41.350,Non,No phone service,ADSL,107.250,Month-to-month,0,Mailed check,3,No
LXVAP02312,0,0,0,H,75.900,Oui,No,Fibre,75.900,Month-to-month,1,Electronic check,1,Yes
SKJNO83283,0,0,1,H,40.650,Non,No phone service,ADSL,947.400,One year,0,Bank transfer (automatic),23,No
GZQXV43857,0,1,0,F,94.450,Oui,No,Fibre,1511.200,Month-to-month,1,Electronic check,16,Yes
DXHDA95136,0,0,0,H,81.700,Oui,No,ADSL,2212.550,One year,0,Electronic check,27,No
IILWY72257,1,0,1,H,25.750,Oui,Yes,Non,1686.150,Two year,0,Mailed check,68,No
QWUBZ29691,0,0,0,F,51.400,Non,No phone service,ADSL,96.800,Month-to-month,0,Electronic check,2,No
CCZMB27396,0,0,1,H,20.350,Oui,No,Non,122.000,Month-to-month,0,Credit card (automatic),5,No
VSZUV99431,0,1,0,H,75.700,Oui,Yes,Fibre,5060.850,Month-to-month,1,Mailed check,67,No
ZDQYY45491,0,0,0,F,57.950,Oui,No,ADSL,3042.250,One year,0,Credit card (automatic),52,No
AIBVB98854,1,0,0,H,85.800,Oui,Yes,Fibre,2440.250,Month-to-month,1,Electronic check,29,No
SLNVK22622,0,0,0,F,70.100,Oui,No,Fibre,70.100,Month-to-month,0,Electronic check,1,No
SSNVZ94086,0,0,0,F,70.150,Oui,No,Fibre,268.350,Month-to-month,1,Electronic check,4,Yes
CLDDA03839,0,0,0,F,85.350,Oui,Yes,ADSL,5897.400,Two year,1,Credit card (automatic),69,No
QLGEX65376,0,0,0,F,38.900,Non,No phone service,ADSL,664.400,Month-to-month,1,Electronic check,16,No
JQHZZ23712,1,0,0,H,93.000,Oui,Yes,Fibre,2248.050,Month-to-month,1,Electronic check,24,No
YLNNG99195,0,0,0,F,103.800,Oui,No,Fibre,4327.500,Month-to-month,1,Bank transfer (automatic),42,No
WXOYN50737,0,0,0,F,50.800,Non,No phone service,ADSL,3027.400,Month-to-month,1,Electronic check,60,Yes
VDLTR27549,0,0,1,H,95.200,Oui,Yes,Fibre,930.400,Month-to-month,0,Electronic check,10,Yes
BVOFB57784,0,0,0,F,59.500,Oui,No,ADSL,530.050,Month-to-month,1,Bank transfer (automatic),9,No
VBEGU66148,1,0,0,F,69.450,Oui,No,ADSL,1614.050,Month-to-month,1,Bank transfer (automatic),24,No
CYDDM75422,0,0,0,H,20.050,Oui,No,Non,358.500,Month-to-month,0,Mailed check,18,No
HNSAW13528,1,0,1,F,115.600,Oui,Yes,Fibre,8220.400,Two year,1,Bank transfer (automatic),72,No
GKNGE07447,1,0,1,F,86.800,Oui,Yes,Fibre,5327.250,Month-to-month,1,Bank transfer (automatic),64,No
NTIXF91014,0,0,0,H,19.400,Oui,No,Non,50.600,Month-to-month,0,Mailed check,2,No
PVZWJ62581,1,0,0,H,90.800,Oui,Yes,ADSL,6302.850,Two year,1,Credit card (automatic),68,No
BQYBV71818,1,0,1,F,102.450,Oui,Yes,Fibre,102.450,Month-to-month,1,Electronic check,1,Yes
WVEVG10745,1,0,0,F,20.350,Oui,No,Non,1267.000,One year,0,Mailed check,59,No
BIJKI13575,1,0,0,H,98.250,Oui,Yes,Fibre,4858.700,One year,1,Electronic check,50,No
MVRMB76025,1,0,1,F,110.450,Oui,Yes,Fibre,8058.850,Two year,1,Bank transfer (automatic),72,No
YDYUW29728,0,0,0,F,94.700,Oui,Yes,Fibre,5468.950,One year,0,Electronic check,57,No
KUAAW17637,0,1,0,F,20.350,Oui,No,Non,369.600,One year,0,Bank transfer (automatic),18,No
JVDCV88945,0,0,0,F,115.050,Oui,Yes,Fibre,7133.450,One year,1,Credit card (automatic),62,No
LAMUQ54747,1,0,0,H,20.100,Oui,No,Non,533.900,One year,0,Mailed check,24,No
LFRMW01173,1,0,1,H,40.200,Non,No phone service,ADSL,1448.800,Month-to-month,0,Bank transfer (automatic),37,Yes
JMPMT44399,1,0,1,F,85.750,Oui,No,Fibre,470.950,Month-to-month,1,Electronic check,5,Yes
ANLXO95764,0,0,0,F,69.550,Oui,No,Fibre,222.300,Month-to-month,1,Bank transfer (automatic),3,Yes
WJKSM30147,1,0,0,H,75.300,Oui,No,Fibre,2263.400,Month-to-month,1,Credit card (automatic),29,No
UMJZD49269,1,0,0,F,49.200,Oui,No,ADSL,1498.550,Month-to-month,1,Mailed check,31,No
PZFPV65277,1,0,1,H,20.800,Oui,No,Non,469.650,One year,1,Credit card (automatic),24,No
RUBNK74016,1,0,0,F,74.800,Oui,No,Fibre,1438.050,Month-to-month,0,Electronic check,18,No
FANTW45582,1,0,1,F,91.850,Oui,No,Fibre,1574.450,Month-to-month,0,Electronic check,17,Yes
YOZLV89901,0,0,0,F,66.900,Oui,Yes,ADSL,4577.900,Two year,1,Mailed check,69,No
HALCW00404,1,0,1,H,20.400,Oui,No,Non,1090.600,Two year,0,Credit card (automatic),54,No
SGAFL29714,0,0,0,F,78.750,Oui,Yes,ADSL,995.350,Month-to-month,1,Electronic check,13,No
CSBRZ18452,1,1,1,F,85.350,Oui,Yes,Fibre,1961.600,Month-to-month,0,Bank transfer (automatic),22,No
HJPIW48191,0,0,0,H,25.150,Non,No phone service,ADSL,476.800,Month-to-month,0,Mailed check,18,No
WHMEV05772,1,0,0,F,90.700,Oui,Yes,Fibre,1374.900,Month-to-month,0,Electronic check,16,No
BIUPC75638,0,0,0,H,80.600,Oui,No,Fibre,415.550,Month-to-month,1,Electronic check,5,Yes
YAZWB95049,0,0,0,F,20.250,Oui,No,Non,1048.450,Two year,0,Mailed check,53,No
SRVYQ68968,0,1,0,H,73.850,Oui,No,Fibre,3122.400,Month-to-month,0,Electronic check,44,No
NSOBC87618,0,0,0,H,100.550,Oui,No,Fibre,4398.150,Month-to-month,0,Electronic check,44,Yes
LKOZD47011,0,0,0,F,89.750,Oui,Yes,ADSL,6367.200,Two year,0,Credit card (automatic),70,No
VVTOX45871,1,0,0,F,105.300,Oui,Yes,Fibre,545.200,Month-to-month,1,Electronic check,6,Yes
TATYJ09837,1,0,0,F,51.450,Oui,No,ADSL,1758.900,One year,1,Mailed check,33,No
OIVBS80848,0,0,0,F,20.000,Oui,No,Non,211.950,One year,0,Mailed check,11,No
OAMEN04023,1,0,1,F,24.450,Oui,Yes,Non,1709.100,Two year,0,Bank transfer (automatic),72,No
QTBIW73635,1,0,0,F,79.750,Oui,No,Fibre,769.100,Month-to-month,1,Electronic check,9,No
UBYPQ02306,1,1,0,H,36.100,Non,No phone service,ADSL,2298.900,One year,0,Bank transfer (automatic),63,No
TOTXO58086,0,0,1,F,20.550,Oui,No,Non,57.400,One year,1,Credit card (automatic),3,No
AJIEK31868,0,0,0,H,105.650,Oui,No,Fibre,6844.500,Two year,1,Bank transfer (automatic),66,No
VIOMB84049,0,0,0,F,62.500,Non,No phone service,ADSL,4136.400,Two year,1,Bank transfer (automatic),66,No
MNRTF80403,0,0,0,F,71.100,Oui,No,Fibre,71.100,Month-to-month,0,Mailed check,1,No
UIMBA82949,0,0,0,F,94.400,Oui,No,Fibre,2638.100,One year,1,Bank transfer (automatic),30,No
UXUSK95065,0,0,0,H,70.150,Oui,No,Fibre,931.750,Month-to-month,1,Electronic check,13,No
FVZCC94888,1,0,1,F,79.500,Oui,Yes,ADSL,5661.700,Two year,1,Bank transfer (automatic),72,No
TPKRV94155,1,0,1,F,55.750,Oui,Yes,ADSL,446.800,Month-to-month,0,Electronic check,8,No
FUYCG33259,1,0,1,H,106.100,Oui,Yes,Fibre,2847.400,One year,0,Electronic check,28,Yes
MGMGF50554,1,0,0,F,105.050,Oui,Yes,Fibre,6914.950,Month-to-month,1,Electronic check,65,No
YVSVF57015,1,1,0,F,82.900,Oui,No,Fibre,880.050,Month-to-month,1,Electronic check,11,No
LCGVL14394,1,0,0,F,19.200,Oui,No,Non,459.600,One year,0,Mailed check,26,No
XMUOB96938,1,1,0,H,50.250,Non,No phone service,ADSL,2997.450,Month-to-month,1,Electronic check,59,No
VEEWG26265,1,0,1,H,19.400,Oui,No,Non,1284.200,Two year,1,Credit card (automatic),67,No
XWLGB15917,1,0,0,F,19.850,Oui,No,Non,1379.600,Two year,0,Credit card (automatic),71,No
UCAAU05338,1,1,0,H,71.100,Oui,Yes,ADSL,4140.100,One year,1,Credit card (automatic),57,No
GVFIO74936,0,0,0,H,20.550,Oui,No,Non,1252.850,Two year,0,Credit card (automatic),57,No
BFCQT98381,1,0,1,H,26.100,Oui,Yes,Non,1851.450,Two year,0,Mailed check,72,No
TGTWV17463,1,0,0,H,75.350,Oui,No,Fibre,75.350,Month-to-month,0,Credit card (automatic),1,No
TWELN07932,0,0,0,F,80.150,Oui,Yes,Fibre,319.850,Month-to-month,1,Electronic check,4,No
OZGFH62437,0,0,0,F,44.950,Non,No phone service,ADSL,996.850,Month-to-month,1,Electronic check,23,No
ZYPZY41196,0,1,0,H,106.800,Oui,Yes,Fibre,7623.200,Two year,1,Electronic check,71,No
PNRGI79254,1,0,1,F,81.300,Oui,Yes,ADSL,3541.100,Month-to-month,0,Mailed check,45,No
EMAZU59664,1,0,0,H,108.500,Oui,Yes,Fibre,6880.850,One year,1,Mailed check,64,No
DSHWM95042,0,0,0,H,59.200,Oui,Yes,ADSL,1191.200,Month-to-month,0,Bank transfer (automatic),20,No
MLAXC38144,0,0,0,F,79.850,Oui,Yes,Fibre,2404.150,Month-to-month,1,Credit card (automatic),31,Yes
ITWWB51501,0,1,0,H,94.850,Oui,Yes,Fibre,335.750,Month-to-month,1,Electronic check,3,No
OFQZS40923,1,0,0,H,20.650,Oui,No,Non,417.500,One year,0,Mailed check,20,No
LGXBA15734,1,0,1,H,97.550,Oui,No,Fibre,5598.000,One year,1,Credit card (automatic),57,No
GEEAX52331,0,1,0,H,29.400,Non,No phone service,ADSL,221.900,Month-to-month,1,Electronic check,8,Yes
IPEAQ50106,1,0,1,F,54.200,Non,No phone service,ADSL,3623.950,Two year,0,Credit card (automatic),67,No
WOZRZ54943,1,0,1,F,82.000,Oui,No,ADSL,5999.850,Two year,1,Credit card (automatic),71,No
QSTYI38635,0,0,0,H,64.650,Oui,No,ADSL,3735.450,Month-to-month,1,Electronic check,59,No
IGUQO06734,0,0,0,H,20.450,Oui,No,Non,20.450,Month-to-month,0,Mailed check,1,No
YNADK35857,1,0,0,F,74.600,Oui,Yes,ADSL,4368.950,One year,0,Bank transfer (automatic),57,No
PUQOD38916,0,0,1,F,59.200,Oui,No,ADSL,59.200,Month-to-month,0,Electronic check,1,Yes
ZJNMU44459,0,0,0,H,99.300,Oui,Yes,Fibre,918.750,Month-to-month,1,Credit card (automatic),9,No
VBOXD57127,0,0,0,F,20.150,Oui,No,Non,68.450,Month-to-month,1,Credit card (automatic),4,No
CVMAW78739,0,0,0,H,88.550,Oui,Yes,ADSL,6362.350,Two year,0,Credit card (automatic),72,No
FBQMM10172,1,0,1,F,106.050,Oui,Yes,Fibre,6703.500,One year,1,Credit card (automatic),62,No
UMQCG69184,0,0,0,F,80.200,Oui,No,Fibre,384.250,Month-to-month,0,Electronic check,5,No
LNRXK43918,0,0,0,H,94.950,Oui,No,Fibre,2142.800,Month-to-month,1,Bank transfer (automatic),22,No
CPRPF48964,1,0,1,H,25.450,Oui,Yes,Non,809.250,Two year,0,Bank transfer (automatic),35,No
PKZAY21872,0,0,0,H,79.950,Oui,No,Fibre,1043.400,Month-to-month,1,Bank transfer (automatic),12,No
QGNZA42035,0,0,1,F,20.250,Oui,No,Non,535.350,Month-to-month,0,Mailed check,28,No
JPICP65794,0,0,0,H,20.400,Oui,No,Non,20.400,Month-to-month,0,Mailed check,1,No
VLBWQ76941,1,0,0,H,104.100,Oui,Yes,Fibre,7040.850,One year,0,Electronic check,67,Yes
PZNSR31334,1,0,1,H,97.750,Oui,Yes,Fibre,6991.600,Two year,1,Credit card (automatic),72,No
AXGMP93564,1,0,0,H,110.700,Oui,Yes,Fibre,4428.600,One year,1,Electronic check,38,No
ZUBYC90972,1,0,0,H,48.800,Oui,No,ADSL,664.400,Month-to-month,0,Bank transfer (automatic),14,No
DCNZE08402,0,0,0,H,86.950,Oui,No,ADSL,4138.900,One year,1,Bank transfer (automatic),47,No
IHCRN87803,1,0,1,H,24.650,Oui,Yes,Non,1574.500,Two year,0,Credit card (automatic),63,No
UCQVC32858,0,0,0,F,28.600,Non,No phone service,ADSL,973.550,Month-to-month,0,Credit card (automatic),37,Yes
SFAOA74462,1,0,0,F,19.850,Oui,No,Non,717.500,One year,1,Bank transfer (automatic),37,No
SEYLU08364,1,0,0,H,40.650,Non,No phone service,ADSL,328.950,Month-to-month,0,Mailed check,9,Yes
OZXFY17521,1,0,0,H,59.800,Oui,No,ADSL,3561.150,One year,1,Mailed check,60,No
CAOYT52404,0,0,0,F,87.550,Oui,Yes,Fibre,4884.850,Month-to-month,1,Bank transfer (automatic),57,No
JPYLU28876,0,0,1,F,45.200,Oui,No,ADSL,1841.900,Month-to-month,0,Bank transfer (automatic),41,No
VLNRJ30214,0,0,1,F,70.800,Oui,No,ADSL,3478.150,One year,1,Credit card (automatic),50,No
RJOHI62579,0,0,0,H,50.800,Oui,No,ADSL,202.300,Month-to-month,1,Mailed check,4,No
AQFFX49101,1,0,1,H,79.350,Oui,Yes,Fibre,661.250,Month-to-month,1,Bank transfer (automatic),9,Yes
YCHWO03963,1,0,0,H,95.400,Oui,Yes,Fibre,3474.200,Month-to-month,1,Electronic check,36,No
PLVPE54821,0,1,0,F,24.350,Non,No phone service,ADSL,41.850,Month-to-month,0,Electronic check,2,Yes
GGFNM18308,1,0,1,H,94.550,Oui,Yes,Fibre,6078.750,Two year,0,Credit card (automatic),65,No
VRDVK79513,0,0,0,F,85.850,Oui,No,ADSL,3003.550,One year,0,Bank transfer (automatic),36,No
QCRSL39774,0,0,0,F,20.150,Oui,No,Non,117.950,Month-to-month,0,Mailed check,5,No
YVMYX26154,1,1,0,H,107.500,Oui,Yes,Fibre,7713.550,Month-to-month,1,Electronic check,71,No
XWWTN03236,0,0,1,H,26.400,Oui,Yes,Non,121.250,Two year,1,Mailed check,3,No
DAFLI69749,1,0,0,F,19.700,Oui,No,Non,1140.050,One year,0,Electronic check,55,No
HJAPT02245,0,0,0,H,47.150,Oui,Yes,ADSL,223.150,Month-to-month,0,Electronic check,5,Yes
LAHRK23862,0,0,0,H,53.500,Oui,No,ADSL,53.500,Month-to-month,1,Mailed check,1,Yes
ZPSEA95417,1,0,1,H,80.350,Oui,No,Fibre,5375.150,Two year,0,Credit card (automatic),68,No
RTSLK11931,0,0,0,F,83.900,Oui,No,Fibre,3233.600,Month-to-month,1,Credit card (automatic),38,Yes
NGXYI33515,0,1,0,F,54.100,Oui,Yes,ADSL,889.000,Month-to-month,1,Electronic check,16,No
UGBTK93594,0,0,0,F,72.350,Oui,No,ADSL,4991.500,One year,1,Bank transfer (automatic),67,No
HNGUT97887,1,0,0,H,116.950,Oui,Yes,Fibre,8594.400,Two year,1,Credit card (automatic),72,No
DIWPO78551,0,0,0,F,68.650,Oui,No,Fibre,1493.200,Month-to-month,1,Electronic check,21,No
JCXZT52227,0,0,0,H,19.000,Oui,No,Non,78.900,Month-to-month,0,Mailed check,4,No
VOOVL09759,0,0,0,F,29.200,Non,No phone service,ADSL,98.500,Month-to-month,0,Mailed check,3,No
UJMUS44194,1,0,1,H,99.350,Oui,Yes,Fibre,6856.450,Two year,1,Electronic check,69,No
TKOPW44248,0,1,0,H,93.850,Oui,Yes,Fibre,196.750,Month-to-month,1,Electronic check,2,Yes
LNAQX67972,1,0,1,H,98.300,Oui,Yes,Fibre,6859.500,Two year,0,Bank transfer (automatic),70,Yes
XUAGN67709,1,0,1,F,21.000,Oui,No,Non,21.000,Month-to-month,1,Electronic check,1,Yes
LYMOV26407,0,0,0,H,19.650,Oui,No,Non,38.800,Month-to-month,1,Mailed check,2,No
VJYAB79283,1,0,1,H,90.600,Oui,No,Fibre,1020.200,Month-to-month,0,Electronic check,11,No
BUXUX68219,0,0,0,F,96.650,Oui,Yes,Fibre,1244.500,Month-to-month,1,Electronic check,13,Yes
SZTTJ89178,1,0,1,H,19.650,Oui,No,Non,1161.750,Two year,0,Credit card (automatic),60,No
MUGVO09476,1,1,0,H,73.650,Oui,No,Fibre,1463.500,Month-to-month,1,Electronic check,20,Yes
XDPUD87278,0,0,0,H,35.800,Non,No phone service,ADSL,1316.900,Two year,0,Credit card (automatic),37,No
ZWMAJ73058,1,0,0,H,20.700,Oui,No,Non,587.100,One year,0,Credit card (automatic),30,No
DHLPB34135,1,0,1,H,103.750,Oui,Yes,Fibre,5969.950,Month-to-month,1,Bank transfer (automatic),60,No
GBPFB28849,1,0,0,F,70.300,Oui,No,Fibre,2416.550,Month-to-month,1,Electronic check,35,Yes
QNVZJ74805,0,1,0,H,95.700,Oui,Yes,Fibre,4816.700,Month-to-month,1,Electronic check,50,Yes
HXOWK16969,1,0,0,F,95.650,Oui,Yes,Fibre,6856.950,One year,0,Mailed check,71,No
QQRHC44805,0,1,0,F,74.050,Oui,No,Fibre,600.150,Month-to-month,1,Bank transfer (automatic),8,No
EFQYM84614,0,0,0,F,24.250,Oui,Yes,Non,914.400,One year,1,Electronic check,38,No
AYKKO24292,0,0,0,H,19.850,Oui,No,Non,1434.100,Two year,0,Bank transfer (automatic),72,No
PKDQG46908,1,1,0,F,95.550,Oui,Yes,Fibre,3930.600,Month-to-month,1,Electronic check,42,No
QDZZJ89617,1,0,1,F,95.000,Oui,No,Fibre,5535.800,One year,1,Electronic check,57,No
VOFSZ93308,1,0,0,F,110.800,Oui,Yes,Fibre,6640.700,Two year,1,Credit card (automatic),60,No
QRVVY01746,1,0,1,H,25.350,Oui,Yes,Non,1847.550,Two year,0,Credit card (automatic),71,No
EPNCG87858,0,0,0,H,23.150,Oui,Yes,Non,245.200,Month-to-month,0,Credit card (automatic),11,Yes
YQHGA91159,0,0,0,H,51.100,Oui,No,ADSL,2092.900,Month-to-month,1,Electronic check,40,No
GFVOI91942,1,0,0,F,84.350,Oui,Yes,ADSL,3571.600,Two year,0,Credit card (automatic),42,No
CFSZG31543,1,0,1,H,90.050,Oui,No,Fibre,4137.200,Month-to-month,0,Electronic check,47,No
TDGAK06797,1,0,1,H,75.500,Oui,No,ADSL,4025.600,One year,0,Electronic check,50,No
TTGJP64341,1,0,1,H,53.700,Non,No phone service,ADSL,521.000,Two year,0,Credit card (automatic),10,No
HMANX66316,1,0,0,H,85.450,Oui,Yes,ADSL,6227.500,Two year,1,Credit card (automatic),72,No
XHDJU06654,1,0,0,H,99.400,Oui,Yes,Fibre,7285.700,Two year,1,Electronic check,72,No
MMGUB34286,0,0,0,H,89.550,Oui,Yes,Fibre,5231.200,Two year,1,Electronic check,60,No
PTWEH55704,1,0,0,F,75.150,Oui,Yes,Fibre,216.750,Month-to-month,1,Credit card (automatic),3,Yes
PTIWW57126,0,0,0,H,79.850,Oui,No,Fibre,152.450,Month-to-month,1,Electronic check,2,Yes
XNHVZ88214,1,0,1,F,80.050,Oui,No,Fibre,80.050,Month-to-month,1,Mailed check,1,Yes
XZPYF11732,0,0,0,F,89.200,Oui,Yes,Fibre,990.300,Month-to-month,1,Electronic check,11,No
CNWRG35452,1,0,1,F,98.350,Oui,Yes,Fibre,4889.200,Month-to-month,1,Electronic check,49,No
DXQCE48069,1,1,0,F,113.650,Oui,Yes,Fibre,7714.650,Two year,1,Electronic check,70,No
MLYYM06855,0,1,0,F,70.750,Oui,No,Fibre,154.850,Month-to-month,0,Electronic check,2,Yes
BGWOH10759,1,1,0,H,98.750,Oui,Yes,Fibre,1587.550,Month-to-month,1,Electronic check,16,Yes
WVPSS84431,1,0,0,H,99.850,Oui,No,Fibre,990.900,Month-to-month,1,Electronic check,10,Yes
QMKVN41148,1,0,1,F,68.750,Oui,Yes,ADSL,3815.400,One year,0,Bank transfer (automatic),56,No
LLMLM20382,0,0,0,F,103.850,Oui,Yes,Fibre,4946.050,Month-to-month,1,Electronic check,48,No
XNWEN56054,1,1,0,H,25.000,Oui,Yes,Non,1802.550,Two year,1,Bank transfer (automatic),72,No
TIRNE04262,0,0,0,F,20.900,Oui,No,Non,20.900,Month-to-month,0,Mailed check,1,Yes
CKHUS05597,1,0,0,F,19.550,Oui,No,Non,521.800,Two year,1,Mailed check,29,No
HHYIJ02031,0,0,0,H,25.300,Oui,Yes,Non,676.350,One year,0,Bank transfer (automatic),25,Yes
ZIVKX60941,0,0,0,F,54.450,Oui,No,ADSL,3674.950,One year,1,Credit card (automatic),68,No
DOVND28975,0,0,0,H,69.800,Oui,No,Fibre,146.650,Month-to-month,1,Electronic check,2,No
MOJJT83872,1,0,1,F,77.950,Oui,No,Fibre,3384.000,Month-to-month,1,Credit card (automatic),42,Yes
YNLES25878,1,0,1,F,20.100,Oui,No,Non,100.350,Two year,0,Mailed check,6,No
FRIRW66938,0,0,0,H,101.300,Oui,No,Fibre,1794.650,Month-to-month,0,Credit card (automatic),18,No
JCJRH59766,1,0,0,H,70.300,Oui,No,Fibre,738.200,Month-to-month,1,Electronic check,10,Yes
UTDVX67496,0,0,0,H,103.650,Oui,Yes,Fibre,7634.800,Two year,1,Electronic check,72,No
CTCYF35522,1,0,1,H,104.800,Oui,Yes,Fibre,6597.250,Two year,1,Bank transfer (automatic),63,No
FIGTF00688,0,0,0,F,78.200,Oui,No,ADSL,2078.950,One year,0,Mailed check,27,No
UEJFI56229,1,0,1,F,25.400,Oui,Yes,Non,949.800,Two year,1,Credit card (automatic),35,No
EGPJC95244,0,0,0,F,90.100,Oui,Yes,Fibre,1612.750,Month-to-month,1,Electronic check,18,Yes
ADXWO51085,0,0,0,H,73.500,Oui,No,Fibre,791.750,Month-to-month,1,Electronic check,11,Yes
SQTNS90671,1,0,1,H,20.600,Oui,No,Non,926.000,One year,0,Bank transfer (automatic),44,No
XJHKQ36391,0,0,1,F,60.600,Oui,No,ADSL,1297.800,Month-to-month,1,Electronic check,19,No
BFWVU81973,1,0,1,F,93.250,Oui,Yes,ADSL,6688.950,Two year,1,Bank transfer (automatic),72,No
TTHGI58432,0,0,0,F,50.000,Oui,No,ADSL,892.700,Month-to-month,1,Mailed check,18,No
WYIPH56512,0,1,0,F,49.850,Oui,No,ADSL,865.750,Month-to-month,1,Credit card (automatic),18,No
RSNHI39113,1,0,0,F,61.400,Non,No phone service,ADSL,4310.350,Two year,1,Credit card (automatic),71,No
JZNKO68653,0,0,0,F,55.300,Oui,No,ADSL,1530.600,Month-to-month,1,Bank transfer (automatic),30,No
RHRNE32752,1,0,1,H,60.000,Non,No phone service,ADSL,1682.050,One year,1,Credit card (automatic),28,No
JKIAZ76276,1,0,0,F,78.950,Oui,Yes,Fibre,2839.650,Month-to-month,1,Credit card (automatic),37,Yes
TFLLS46852,1,0,1,H,19.800,Oui,No,Non,342.300,One year,0,Bank transfer (automatic),18,No
FTFFX44826,0,0,0,H,56.150,Oui,No,ADSL,291.450,Month-to-month,0,Electronic check,5,No
JKZNQ54191,1,1,0,H,77.900,Oui,Yes,Fibre,2351.450,Month-to-month,0,Mailed check,30,No
DGNVC59152,1,0,0,F,71.800,Oui,Yes,ADSL,3472.050,One year,0,Electronic check,49,No
LOLHO29579,0,0,0,H,45.400,Oui,No,ADSL,518.900,Month-to-month,1,Bank transfer (automatic),12,Yes
PHDEI27777,0,0,0,F,78.050,Oui,No,Fibre,78.050,Month-to-month,0,Electronic check,1,Yes
DJPIB95655,0,0,1,F,89.600,Oui,Yes,Fibre,365.650,Month-to-month,0,Mailed check,4,Yes
KYULV43903,1,0,0,H,20.550,Oui,No,Non,51.150,Month-to-month,1,Credit card (automatic),3,Yes
FYZOW16784,0,0,0,F,79.400,Oui,No,Fibre,244.650,Month-to-month,1,Electronic check,3,Yes
ALMUX73497,0,0,0,H,65.600,Oui,No,ADSL,2313.800,Two year,0,Bank transfer (automatic),37,No
DHBFL93307,1,0,1,F,66.250,Oui,No,ADSL,1533.800,One year,1,Mailed check,23,No
LBEAR62885,0,0,0,F,79.100,Oui,No,Fibre,1783.750,Month-to-month,1,Mailed check,23,No
PSYHO92334,0,1,0,F,100.150,Oui,Yes,Fibre,4459.800,One year,1,Bank transfer (automatic),45,No
NUQCB60729,1,0,1,H,20.250,Oui,No,Non,488.250,One year,0,Bank transfer (automatic),22,No
RXSGD04474,0,0,0,H,99.650,Oui,Yes,Fibre,2404.850,Month-to-month,1,Bank transfer (automatic),24,No
AYHTC99161,0,0,0,H,19.850,Oui,No,Non,916.000,Two year,0,Credit card (automatic),48,No
RWFXJ88241,1,0,1,H,56.150,Oui,No,ADSL,168.150,Month-to-month,1,Mailed check,3,Yes
ZTHVF48843,0,1,0,F,87.100,Oui,No,Fibre,713.600,Month-to-month,1,Electronic check,8,No
EHGIP86279,0,0,0,H,53.950,Non,No phone service,ADSL,2375.400,One year,1,Mailed check,44,Yes
JPQOW10206,1,0,0,F,90.550,Oui,Yes,Fibre,5116.600,Month-to-month,0,Electronic check,56,No
NLDEZ39764,0,0,0,H,20.600,Oui,No,Non,20.600,Month-to-month,0,Mailed check,1,No
ZJZFU31621,1,0,1,H,92.550,Oui,No,Fibre,4779.450,Month-to-month,1,Electronic check,53,No
EGVDT21465,1,0,1,H,19.300,Oui,No,Non,1192.700,Two year,0,Credit card (automatic),59,No
ZSFLL93968,0,0,0,F,48.850,Oui,Yes,ADSL,631.400,Month-to-month,0,Mailed check,15,No
XAXAY49088,0,1,0,F,89.850,Oui,No,Fibre,4287.200,One year,1,Bank transfer (automatic),49,No
UREFD29114,1,0,0,F,55.900,Non,No phone service,ADSL,2184.350,Month-to-month,0,Electronic check,39,Yes
DXGGG93911,0,1,0,F,89.150,Oui,No,Fibre,3990.750,One year,0,Credit card (automatic),44,No
QLLIW49188,0,0,0,H,53.400,Oui,No,ADSL,188.700,Month-to-month,0,Credit card (automatic),3,Yes
QQRVF75038,1,1,0,H,74.300,Oui,No,Fibre,1178.250,Month-to-month,1,Credit card (automatic),16,Yes
XUJWD97611,0,0,0,H,65.600,Oui,No,ADSL,339.900,Month-to-month,1,Bank transfer (automatic),5,No
QVHRX58161,0,0,0,F,100.300,Oui,Yes,Fibre,3541.400,Month-to-month,0,Credit card (automatic),37,No
ENNGU70544,1,0,0,F,50.850,Oui,No,ADSL,466.600,Month-to-month,0,Mailed check,9,No
EHGDO93854,1,0,1,F,19.850,Oui,No,Non,739.350,Two year,1,Mailed check,35,No
GYRQC42856,1,0,0,F,86.250,Oui,No,Fibre,587.100,Month-to-month,1,Electronic check,7,Yes
PSXOE29552,0,0,0,F,20.200,Oui,No,Non,20.200,Month-to-month,1,Bank transfer (automatic),1,Yes
BPGEU70166,0,0,0,F,25.100,Non,No phone service,ADSL,712.850,Month-to-month,1,Credit card (automatic),29,Yes
AUZNK45317,1,0,1,F,95.150,Oui,Yes,Fibre,5000.050,One year,1,Mailed check,51,No
FJEGU05566,0,0,0,H,70.100,Oui,No,ADSL,4048.950,Two year,0,Bank transfer (automatic),58,No
MQQCA51686,1,0,0,F,108.500,Oui,Yes,Fibre,8003.800,One year,1,Bank transfer (automatic),72,No
DELSO36941,1,0,1,H,38.550,Non,No phone service,ADSL,156.100,Month-to-month,0,Credit card (automatic),4,No
HIORI11355,1,0,1,F,111.450,Oui,Yes,Fibre,7266.950,One year,1,Electronic check,64,No
OMNWB69521,1,1,0,H,80.350,Oui,Yes,Fibre,5589.300,Month-to-month,1,Credit card (automatic),68,No
PYPSJ95448,1,1,1,F,96.100,Oui,Yes,Fibre,6019.350,Month-to-month,1,Credit card (automatic),62,No
IQWIB74839,1,0,1,H,92.950,Oui,Yes,Fibre,3415.250,Month-to-month,1,Electronic check,37,No
MBRYP19851,0,0,0,F,19.650,Oui,No,Non,779.250,Two year,1,Bank transfer (automatic),43,No
WLKLI32274,1,0,1,F,91.550,Oui,Yes,ADSL,5963.950,Two year,0,Bank transfer (automatic),65,No
BXYIV19284,0,0,0,H,61.150,Oui,Yes,ADSL,61.150,Month-to-month,0,Electronic check,1,No
IEAUQ68274,1,0,1,F,66.150,Oui,No,ADSL,1874.450,One year,0,Mailed check,27,No
OGKNA87558,1,0,1,F,19.500,Oui,No,Non,1167.600,Two year,0,Bank transfer (automatic),57,No
KMQFW38032,1,0,1,F,20.550,Oui,No,Non,20.550,Month-to-month,0,Mailed check,1,Yes
ETQOE98396,0,0,1,H,40.450,Non,No phone service,ADSL,1912.850,Month-to-month,1,Electronic check,43,No
MZPUJ80994,1,0,1,H,111.800,Oui,Yes,Fibre,5443.650,Two year,0,Credit card (automatic),48,No
YQENT55148,0,0,1,H,111.150,Oui,No,Fibre,4507.150,Two year,1,Electronic check,41,No
JLMHM88715,1,0,0,F,90.200,Oui,Yes,Fibre,6297.650,Two year,0,Credit card (automatic),68,No
GHAYE91636,0,0,0,F,48.850,Oui,No,ADSL,736.800,Month-to-month,0,Electronic check,15,No
FZDMN32176,0,1,0,F,94.450,Oui,No,Fibre,742.950,Month-to-month,1,Credit card (automatic),8,Yes
HPRRX54809,0,1,0,F,25.300,Non,No phone service,ADSL,77.750,Month-to-month,0,Electronic check,3,Yes
FYJNT49189,1,1,0,F,90.450,Oui,Yes,Fibre,5044.800,Month-to-month,0,Electronic check,55,No
DVEKZ77213,0,0,0,F,19.650,Oui,No,Non,19.650,Month-to-month,0,Mailed check,1,No
XETSH30455,0,0,0,F,94.850,Oui,Yes,Fibre,953.450,Month-to-month,1,Electronic check,10,Yes
XMMUG03459,1,0,0,F,108.900,Oui,Yes,Fibre,4854.300,Two year,1,Credit card (automatic),46,No
LCRSD76699,1,0,1,H,56.300,Oui,No,ADSL,628.650,Month-to-month,1,Mailed check,12,No
OOOHJ84027,0,0,0,F,20.650,Oui,No,Non,835.150,Two year,0,Mailed check,41,No
RFHAR35711,0,0,0,H,109.150,Oui,Yes,Fibre,6941.200,Month-to-month,1,Electronic check,65,Yes
NNQRU46928,1,0,0,F,79.200,Oui,No,Fibre,1742.450,One year,0,Electronic check,21,No
CONWX54199,0,1,0,F,99.800,Oui,No,Fibre,442.850,Month-to-month,1,Credit card (automatic),4,Yes
MIOGA75036,1,1,0,F,89.850,Oui,Yes,ADSL,6697.350,Two year,1,Bank transfer (automatic),72,No
HYJRZ59684,1,0,1,H,24.550,Oui,Yes,Non,1160.450,Two year,0,Mailed check,47,No
YWJUF76546,1,0,0,H,84.250,Oui,No,Fibre,3539.250,One year,1,Bank transfer (automatic),43,No
QNXIQ68599,1,0,1,F,113.100,Oui,Yes,Fibre,8248.500,Two year,1,Bank transfer (automatic),72,No
NPKCN31999,1,0,0,F,111.250,Oui,Yes,Fibre,7511.650,One year,1,Electronic check,67,No
HKJVM03455,0,0,0,F,89.300,Oui,No,Fibre,577.600,Month-to-month,0,Electronic check,6,Yes
EBBOU75818,0,0,0,F,70.150,Oui,No,ADSL,4224.700,One year,1,Credit card (automatic),60,No
NRVXR59963,1,1,0,H,98.150,Oui,No,Fibre,4116.800,One year,1,Credit card (automatic),40,No
DZRKH79739,0,0,1,F,90.950,Oui,Yes,Fibre,5930.050,Two year,1,Credit card (automatic),66,No
HSCDJ08237,0,1,0,H,49.150,Non,No phone service,ADSL,2550.900,Month-to-month,1,Electronic check,52,Yes
RSOUN81491,0,0,0,F,93.850,Oui,Yes,Fibre,93.850,Month-to-month,1,Electronic check,1,Yes
EVONK57087,1,0,1,F,93.400,Oui,Yes,Fibre,5435.600,Month-to-month,1,Bank transfer (automatic),58,Yes
FIDRB03019,1,0,1,F,63.800,Non,No phone service,ADSL,4684.300,Two year,1,Bank transfer (automatic),72,No
QEWMY19275,1,0,0,F,20.500,Oui,No,Non,1502.250,Two year,0,Credit card (automatic),72,No
CDXHR97018,1,0,0,F,69.150,Oui,No,Fibre,3649.600,Month-to-month,0,Mailed check,51,No
DGHKL33084,0,0,0,H,19.300,Oui,No,Non,1447.900,Two year,1,Bank transfer (automatic),69,No
FBDXH62272,1,0,0,H,99.500,Oui,Yes,Fibre,6841.450,One year,0,Bank transfer (automatic),69,No
JTBNZ92562,0,0,0,F,20.300,Oui,No,Non,246.300,Month-to-month,0,Bank transfer (automatic),11,No
QESIO53514,0,0,1,H,24.200,Non,No phone service,ADSL,24.200,Month-to-month,0,Mailed check,1,No
SLWHQ64964,0,1,0,H,105.000,Oui,Yes,Fibre,294.450,Month-to-month,1,Electronic check,3,Yes
MREFK21533,1,0,0,F,99.200,Oui,Yes,Fibre,3754.600,One year,1,Electronic check,37,Yes
GOLSU61733,1,1,0,H,94.650,Oui,Yes,Fibre,6079.000,Month-to-month,1,Credit card (automatic),67,No
NYKPB55226,1,0,1,H,85.900,Oui,No,Fibre,2199.050,Month-to-month,0,Electronic check,25,No
IAJSV29906,0,0,0,H,92.000,Oui,Yes,ADSL,6632.750,Two year,0,Bank transfer (automatic),72,No
OATDN64838,1,0,1,H,51.300,Oui,No,ADSL,411.600,Month-to-month,1,Credit card (automatic),8,No
DVCGN45721,0,0,0,F,80.250,Oui,No,Fibre,846.000,Month-to-month,1,Bank transfer (automatic),10,Yes
BNTZM77873,0,0,0,H,20.150,Oui,No,Non,130.500,Month-to-month,0,Bank transfer (automatic),6,No
XGFSN13092,1,1,1,H,80.850,Oui,Yes,ADSL,4079.550,One year,1,Electronic check,52,No
PJUHR38104,1,0,1,H,25.350,Oui,Yes,Non,1715.150,Two year,0,Mailed check,70,No
DHJUY20001,1,1,0,F,92.200,Oui,Yes,ADSL,6474.450,Two year,1,Bank transfer (automatic),70,No
LFTLE59951,0,0,0,H,25.300,Oui,Yes,Non,1474.350,Two year,1,Credit card (automatic),58,No
ONTRW69281,1,0,1,F,19.700,Oui,No,Non,1379.800,Two year,0,Credit card (automatic),72,No
IBWPI54987,1,0,1,F,49.400,Oui,No,ADSL,3251.850,One year,1,Credit card (automatic),66,No
JHAMY38458,1,0,1,F,35.500,Non,No phone service,ADSL,552.700,Month-to-month,1,Credit card (automatic),16,No
YOULA45048,1,0,1,F,59.450,Oui,Yes,ADSL,2136.900,Month-to-month,1,Credit card (automatic),35,No
OJUZI97765,0,1,0,F,95.450,Oui,Yes,Fibre,6223.300,Month-to-month,1,Bank transfer (automatic),65,No
EPWRR37983,0,1,0,F,43.950,Oui,No,ADSL,85.100,Month-to-month,0,Electronic check,2,No
HHBDV13762,0,0,0,F,48.800,Oui,No,ADSL,1536.750,Month-to-month,1,Mailed check,30,No
ZBZCT94367,0,0,0,H,89.950,Oui,Yes,Fibre,1178.400,Month-to-month,1,Electronic check,14,Yes
MIWUM47973,1,0,1,H,20.250,Oui,No,Non,174.700,Month-to-month,1,Bank transfer (automatic),7,No
GLXTC71985,0,0,0,H,79.000,Oui,No,Fibre,143.650,Month-to-month,0,Electronic check,2,Yes
ENTCR04559,1,0,0,H,85.250,Oui,Yes,ADSL,5538.350,Two year,0,Electronic check,66,No
WZZKO04639,0,0,0,H,20.750,Oui,No,Non,67.100,Month-to-month,1,Credit card (automatic),3,No
WLEYG68496,0,0,1,H,19.750,Oui,No,Non,19.750,Month-to-month,0,Mailed check,1,Yes
CEDRU92813,1,0,0,F,64.100,Oui,No,ADSL,4326.250,Two year,0,Bank transfer (automatic),68,No
HGGKB88615,0,0,0,F,86.450,Oui,Yes,Fibre,830.850,Month-to-month,0,Electronic check,10,Yes
WQQDY91398,1,0,1,F,100.450,Oui,Yes,Fibre,4941.800,One year,0,Mailed check,49,Yes
TIFGJ82047,0,0,0,F,20.300,Oui,No,Non,470.600,Month-to-month,1,Bank transfer (automatic),23,No
SHCMB92903,0,1,0,F,96.850,Oui,No,Fibre,1235.550,Month-to-month,1,Electronic check,13,No
JDTTV67346,1,0,1,H,19.850,Oui,No,Non,1267.050,Two year,1,Credit card (automatic),65,No
GOMBF56976,1,1,1,F,35.900,Non,No phone service,ADSL,973.650,Month-to-month,1,Electronic check,28,No
PDMZC56449,0,1,0,F,89.500,Oui,Yes,Fibre,161.500,Month-to-month,0,Electronic check,2,Yes
KQDDU39874,0,0,0,H,75.600,Oui,No,Fibre,661.550,Month-to-month,0,Electronic check,9,No
HDKDG00744,1,0,1,H,61.600,Oui,No,ADSL,1611.000,One year,1,Bank transfer (automatic),25,No
HDGFT16352,0,0,1,F,20.500,Oui,No,Non,398.550,Two year,0,Mailed check,19,No
XUYMV27901,0,0,1,H,85.450,Oui,Yes,Fibre,6028.950,One year,1,Credit card (automatic),71,No
JGSFD39823,0,0,0,H,20.350,Oui,No,Non,695.850,One year,1,Credit card (automatic),36,No
CGOCC85735,0,0,0,H,19.750,Oui,No,Non,294.900,Month-to-month,0,Credit card (automatic),16,No
OCTJS85156,0,0,0,F,24.750,Oui,Yes,Non,692.100,Two year,0,Credit card (automatic),25,Yes
JPJDD31154,1,0,0,F,81.250,Oui,No,Fibre,4639.450,One year,1,Credit card (automatic),59,No
HKHML05621,1,0,1,H,23.900,Oui,Yes,Non,1626.400,Two year,0,Credit card (automatic),71,No
CINZD41877,0,1,0,F,95.250,Oui,No,Fibre,4424.200,One year,0,Credit card (automatic),46,Yes
NVDCG58401,1,0,1,F,68.250,Oui,No,ADSL,1114.850,Two year,0,Bank transfer (automatic),16,No
WFCJF86104,1,0,1,F,95.600,Oui,Yes,Fibre,4783.500,Month-to-month,1,Electronic check,49,Yes
RESVB68402,1,0,1,H,84.800,Oui,Yes,ADSL,1990.500,One year,1,Mailed check,24,No
EVUAD78813,0,0,0,F,42.600,Non,No phone service,ADSL,72.400,Month-to-month,1,Electronic check,2,Yes
BCSHV16971,1,0,1,F,66.800,Oui,Yes,ADSL,3970.400,Month-to-month,1,Bank transfer (automatic),58,No
SWIFR75771,0,0,0,H,89.250,Oui,No,Fibre,89.250,Month-to-month,1,Electronic check,1,No
ITWWP74605,1,1,0,F,86.100,Oui,No,Fibre,3861.450,Month-to-month,1,Electronic check,45,No
QQLVK66084,0,0,0,H,50.500,Oui,No,ADSL,50.500,Month-to-month,1,Electronic check,1,Yes
XECQW27616,1,1,0,H,43.350,Non,No phone service,ADSL,371.400,Month-to-month,1,Mailed check,8,No
BDIOA72702,0,0,0,F,90.000,Oui,Yes,Fibre,1993.800,Month-to-month,1,Electronic check,22,Yes
DCKON00523,1,0,0,H,115.800,Oui,Yes,Fibre,7942.150,One year,0,Bank transfer (automatic),66,No
ETOOB32351,1,0,0,H,74.500,Oui,No,Fibre,609.900,Month-to-month,1,Electronic check,8,Yes
YIOTT38653,1,0,1,H,106.100,Oui,Yes,Fibre,7848.500,One year,1,Bank transfer (automatic),72,No
CFQRQ77712,1,0,1,F,63.800,Oui,No,ADSL,3007.250,Two year,0,Bank transfer (automatic),47,No
RKSPX81116,0,0,0,H,72.200,Oui,Yes,Fibre,305.550,Month-to-month,1,Bank transfer (automatic),4,Yes
UEUME63119,0,0,0,F,78.900,Oui,No,Fibre,2384.150,Month-to-month,1,Electronic check,29,Yes
RYFNS39635,0,0,0,F,116.450,Oui,Yes,Fibre,8013.550,Two year,1,Bank transfer (automatic),72,No
ISGTU61273,1,0,0,F,84.950,Oui,Yes,Fibre,1378.250,Month-to-month,1,Electronic check,16,Yes
XTNEA42346,0,0,0,H,79.950,Oui,No,Fibre,174.450,Month-to-month,1,Electronic check,2,No
JOHTI75513,0,0,0,F,19.500,Oui,No,Non,19.500,Month-to-month,0,Mailed check,1,Yes
UVMOM35335,1,0,0,H,70.950,Oui,No,ADSL,4741.450,Two year,0,Bank transfer (automatic),68,No
ZCOTS65517,0,1,0,H,24.900,Oui,Yes,Non,847.800,One year,1,Bank transfer (automatic),33,No
ZGTUY90637,1,0,1,F,19.400,Oui,No,Non,1182.550,Month-to-month,1,Mailed check,61,Yes
LXZYW48161,0,0,0,F,79.150,Oui,Yes,Fibre,1676.950,Month-to-month,1,Electronic check,23,Yes
GCDGQ69372,1,0,1,H,48.950,Oui,No,ADSL,955.600,One year,1,Bank transfer (automatic),19,No
ZNSLA73211,1,0,1,H,40.550,Non,No phone service,ADSL,590.350,Two year,0,Mailed check,13,No
ZBLPD20576,1,0,0,F,86.500,Oui,Yes,Fibre,1808.700,Month-to-month,1,Electronic check,21,Yes
ARVMX04716,1,1,0,F,104.850,Oui,Yes,Fibre,6312.900,One year,1,Electronic check,62,No
GPTEH19845,0,0,0,F,25.150,Oui,Yes,Non,702.000,Month-to-month,0,Electronic check,29,No
PFZIW15769,1,1,0,H,105.350,Oui,No,Fibre,7511.900,Two year,0,Credit card (automatic),70,No
LKJAF83781,1,0,1,H,101.150,Oui,Yes,Fibre,3956.700,Month-to-month,1,Credit card (automatic),38,No
RFFBA20914,0,1,0,F,73.900,Oui,Yes,Fibre,2217.150,Month-to-month,1,Electronic check,31,Yes
OANIO71532,0,0,0,H,69.950,Oui,No,Fibre,69.950,Month-to-month,0,Electronic check,1,Yes
QUOZK30856,0,0,0,F,43.950,Oui,No,ADSL,43.950,Month-to-month,0,Mailed check,1,Yes
YZFNB13541,1,0,1,H,19.550,Oui,No,Non,68.800,Two year,0,Credit card (automatic),4,No
ONMXC81834,0,0,0,F,80.750,Oui,No,Fibre,159.450,Month-to-month,0,Electronic check,2,Yes
LUPIX31372,0,0,0,F,64.400,Oui,Yes,ADSL,253.000,Month-to-month,1,Mailed check,4,No
PIVIK00839,0,0,0,H,81.250,Oui,Yes,ADSL,5567.550,One year,0,Electronic check,64,No
NUUOL87823,0,0,0,H,79.000,Oui,No,ADSL,4801.100,One year,0,Mailed check,60,No
REIQB80007,0,1,0,F,69.950,Oui,No,Fibre,69.950,Month-to-month,1,Electronic check,1,Yes
XOVOM41912,0,0,0,H,105.400,Oui,Yes,Fibre,6713.200,Month-to-month,0,Electronic check,63,No
RXVJM96317,0,0,0,H,19.250,Oui,No,Non,677.900,Two year,0,Mailed check,35,No
NAAIX41599,0,0,0,F,97.450,Oui,Yes,Fibre,6253.000,Two year,0,Bank transfer (automatic),63,No
NVVGY16974,1,1,0,H,66.400,Oui,No,ADSL,1286.050,Month-to-month,0,Bank transfer (automatic),19,No
WZOOW84217,1,1,1,F,95.300,Oui,No,Fibre,5567.450,Month-to-month,1,Credit card (automatic),57,No
PBBFH33452,1,0,0,H,49.550,Oui,No,ADSL,393.450,Month-to-month,1,Bank transfer (automatic),8,No
FGZAT64907,0,0,0,H,20.650,Oui,No,Non,109.300,Month-to-month,0,Mailed check,6,No
FLPJF53178,0,0,0,F,61.350,Non,No phone service,ADSL,4193.400,Two year,1,Bank transfer (automatic),66,No
GWTRD37956,1,0,1,F,75.550,Oui,No,ADSL,4707.850,Two year,0,Credit card (automatic),63,No
GSODA84173,1,0,1,H,92.200,Oui,Yes,Fibre,2568.150,One year,0,Bank transfer (automatic),28,No
VWJUU78503,0,0,0,F,75.000,Oui,No,Fibre,1778.500,Month-to-month,1,Bank transfer (automatic),23,No
DQNRX14983,1,0,0,F,19.850,Oui,No,Non,573.050,Month-to-month,0,Mailed check,29,No
BXHEO84904,0,1,0,H,80.550,Oui,Yes,Fibre,1411.650,Month-to-month,1,Credit card (automatic),18,No
TYXLT31602,0,0,0,H,46.300,Non,No phone service,ADSL,2546.850,Month-to-month,1,Bank transfer (automatic),53,No
DRVQJ34686,1,0,1,F,70.300,Oui,Yes,ADSL,676.150,One year,0,Electronic check,10,No
YSJMR48358,0,0,0,H,49.800,Oui,No,ADSL,1971.150,Two year,1,Bank transfer (automatic),39,No
TOWGS62177,1,0,0,F,75.400,Oui,Yes,ADSL,1322.550,Month-to-month,1,Bank transfer (automatic),17,No
LUMLS00486,1,0,1,H,91.200,Oui,No,Fibre,3247.550,One year,0,Credit card (automatic),37,No
MHZNV37694,1,0,1,F,20.100,Oui,No,Non,670.350,Two year,0,Mailed check,33,No
CNMFP66682,1,0,1,F,89.350,Oui,Yes,Fibre,1686.850,One year,1,Bank transfer (automatic),19,No
GGCAC05673,0,0,0,F,61.400,Oui,No,ADSL,438.900,Month-to-month,0,Electronic check,7,No
ZDLGK02602,0,0,1,F,72.900,Oui,No,ADSL,651.400,Month-to-month,1,Mailed check,9,Yes
JSGML33088,1,1,0,H,64.050,Non,No phone service,ADSL,3886.850,Two year,1,Credit card (automatic),59,No
IHMOT00361,1,0,1,F,103.700,Oui,No,Fibre,5656.750,One year,1,Bank transfer (automatic),55,No
PDTKK97634,0,0,0,F,94.400,Oui,No,Fibre,387.200,Month-to-month,1,Bank transfer (automatic),4,Yes
JQFHV87274,1,0,1,H,20.750,Oui,No,Non,1123.150,Two year,0,Mailed check,57,No
TSPVK43046,1,0,0,F,114.900,Oui,Yes,Fibre,7843.550,Two year,0,Bank transfer (automatic),68,No
ORICT51489,1,0,0,F,74.350,Oui,No,ADSL,4759.550,Two year,1,Mailed check,64,No
XADUH22341,1,0,1,F,103.200,Oui,Yes,Fibre,7362.900,One year,1,Credit card (automatic),72,No
MMTWC53838,1,1,0,F,84.000,Oui,Yes,Fibre,613.400,Month-to-month,1,Electronic check,8,Yes
OLYGY85135,1,0,0,H,115.800,Oui,Yes,Fibre,8332.150,Two year,0,Credit card (automatic),72,No
POWUA51337,0,0,0,H,45.800,Oui,No,ADSL,45.800,Month-to-month,1,Mailed check,1,No
BESBM62445,1,0,1,H,95.200,Oui,No,Fibre,6671.700,Two year,1,Credit card (automatic),69,No
EHBDD12068,1,0,0,F,80.300,Oui,No,Fibre,4513.650,Two year,0,Bank transfer (automatic),56,No
IVYCI42832,0,0,0,H,64.950,Oui,No,ADSL,547.800,Month-to-month,0,Mailed check,9,No
ICWBG98049,0,0,0,H,69.900,Oui,No,Fibre,69.900,Month-to-month,1,Electronic check,1,Yes
PXTAN47593,1,0,0,F,80.100,Oui,Yes,ADSL,4693.200,One year,1,Electronic check,59,No
CIUMO26942,0,0,0,F,79.550,Oui,Yes,Fibre,958.250,Month-to-month,1,Credit card (automatic),12,No
YTZUE02195,1,0,1,H,84.800,Oui,Yes,Fibre,371.900,Month-to-month,1,Bank transfer (automatic),4,Yes
WFVVF61681,0,1,0,F,70.300,Oui,No,Fibre,235.500,Month-to-month,1,Electronic check,3,Yes
YRPXN04687,0,0,0,H,98.800,Oui,No,Fibre,2807.100,Month-to-month,1,Credit card (automatic),29,No
MGTON49736,1,0,0,F,84.400,Oui,No,ADSL,5969.300,Two year,1,Credit card (automatic),71,No
JXSOO65435,1,0,1,F,57.750,Oui,No,ADSL,1282.850,One year,1,Mailed check,23,No
LRYKO12223,0,0,1,H,26.350,Oui,Yes,Non,184.050,Month-to-month,0,Mailed check,6,No
HBSDW59177,1,0,1,F,19.350,Oui,No,Non,683.750,Month-to-month,0,Electronic check,37,No
AHOOK04967,1,0,0,H,74.400,Oui,No,ADSL,1712.900,One year,0,Bank transfer (automatic),24,No
VZIKE20403,1,0,0,F,100.850,Oui,Yes,Fibre,4847.350,Month-to-month,1,Mailed check,49,No
GCSPV37371,1,0,0,F,96.200,Oui,Yes,Fibre,1222.050,Month-to-month,1,Credit card (automatic),11,Yes
JQPHZ25787,0,0,0,H,100.100,Oui,No,Fibre,4378.350,Two year,0,Bank transfer (automatic),44,No
KVJHG66743,0,0,0,F,25.200,Oui,Yes,Non,245.150,One year,0,Electronic check,11,No
OFUWC13958,1,0,1,H,29.300,Non,No phone service,ADSL,1224.050,Month-to-month,0,Credit card (automatic),43,No
KXGBO66895,0,0,0,F,50.550,Oui,No,ADSL,50.550,Month-to-month,0,Electronic check,1,Yes
KTRXV33893,1,0,1,F,23.850,Oui,Yes,Non,625.650,Two year,0,Mailed check,23,No
SUVOI65752,1,1,0,F,69.500,Oui,Yes,ADSL,1752.650,Month-to-month,1,Credit card (automatic),25,No
KNCIM81073,1,1,0,H,75.100,Oui,Yes,Fibre,1013.350,Month-to-month,1,Electronic check,14,No
KQRTM45477,0,0,0,F,80.050,Oui,Yes,Fibre,830.700,Month-to-month,1,Bank transfer (automatic),10,Yes
SOEZD55661,1,0,1,H,80.650,Oui,No,Fibre,2209.750,One year,1,Credit card (automatic),27,No
PNLOS50529,0,0,0,H,105.350,Oui,Yes,Fibre,323.250,Month-to-month,1,Bank transfer (automatic),3,Yes
NEWDD75547,0,0,0,H,25.700,Oui,Yes,Non,251.600,Two year,0,Bank transfer (automatic),10,No
HPXWZ97083,0,1,0,H,45.400,Non,No phone service,ADSL,214.750,Month-to-month,0,Credit card (automatic),5,No
SXWHM59396,1,0,1,H,26.300,Oui,Yes,Non,1245.050,Two year,0,Bank transfer (automatic),48,No
KYHQH73516,0,1,0,F,64.950,Oui,No,ADSL,493.650,Month-to-month,1,Electronic check,7,No
FKEWS62818,0,0,0,F,49.050,Non,No phone service,ADSL,2265.000,One year,1,Electronic check,44,No
FZREH15977,0,0,0,F,76.400,Oui,No,ADSL,160.800,Month-to-month,0,Electronic check,2,Yes
HBCJO29195,0,0,0,F,76.650,Oui,No,Fibre,333.600,Month-to-month,1,Bank transfer (automatic),4,Yes
SVGJV53942,0,0,0,H,98.800,Oui,Yes,Fibre,3475.550,Month-to-month,0,Bank transfer (automatic),37,Yes
KTHFQ61122,0,0,0,F,19.300,Oui,No,Non,279.300,Month-to-month,1,Mailed check,13,No
JSNDC18983,0,0,0,F,58.600,Oui,No,ADSL,2224.500,One year,1,Credit card (automatic),39,No
ZHHNZ79952,1,0,0,H,56.100,Oui,Yes,ADSL,2386.850,One year,0,Credit card (automatic),42,No
VOEGB21653,0,0,1,F,105.200,Oui,No,Fibre,4822.850,One year,1,Bank transfer (automatic),46,Yes
QYVCO77461,1,0,1,H,55.850,Oui,No,ADSL,857.800,One year,1,Mailed check,16,No
RCXYW51264,1,0,1,H,46.000,Non,No phone service,ADSL,2424.050,Two year,0,Credit card (automatic),54,No
AOFIH59519,0,0,0,H,66.400,Oui,No,ADSL,2245.400,Month-to-month,1,Credit card (automatic),33,No
FFFZR25824,0,0,0,F,50.600,Non,No phone service,ADSL,1073.300,Month-to-month,1,Electronic check,22,No
RNWXS27585,0,0,0,H,89.200,Oui,No,Fibre,3251.300,One year,1,Electronic check,35,No
BONCE99868,0,0,0,F,20.950,Oui,No,Non,85.500,Month-to-month,0,Bank transfer (automatic),4,Yes
WNQZS85598,0,0,0,H,20.450,Oui,No,Non,20.450,Two year,0,Mailed check,1,No
URKXC49808,1,0,0,H,20.850,Oui,No,Non,720.050,One year,0,Bank transfer (automatic),36,No
WYVXG27106,0,0,0,F,71.100,Oui,No,ADSL,213.350,Two year,0,Mailed check,3,No
BYNII55901,0,0,0,H,100.750,Oui,Yes,Fibre,2095.000,Month-to-month,1,Electronic check,22,Yes
PSUAE02658,1,0,1,F,100.700,Oui,No,Fibre,1522.700,Month-to-month,0,Bank transfer (automatic),16,No
UOBNY81524,0,1,0,F,106.800,Oui,Yes,Fibre,5347.950,One year,1,Electronic check,50,No
EWNDZ80036,0,0,0,F,21.200,Oui,No,Non,222.650,Month-to-month,1,Electronic check,10,No
HIBDJ44043,0,0,0,F,74.300,Oui,No,ADSL,1863.800,One year,0,Mailed check,25,Yes
BELXA59596,0,1,0,H,96.150,Oui,Yes,Fibre,3019.250,Month-to-month,1,Credit card (automatic),32,Yes
RCHXS76433,1,0,1,F,19.350,Oui,No,Non,1263.850,Two year,0,Electronic check,63,No
YDOVK44683,0,0,1,H,48.650,Oui,No,ADSL,235.200,Month-to-month,1,Bank transfer (automatic),5,No
FYFQZ89191,1,1,0,H,30.350,Non,No phone service,ADSL,1359.700,Month-to-month,1,Electronic check,44,Yes
FILXA55654,0,1,0,F,96.150,Oui,Yes,Fibre,1529.200,Month-to-month,1,Electronic check,16,Yes
HGGHV58159,1,0,0,H,64.150,Oui,No,ADSL,1274.450,One year,1,Mailed check,20,No
AAGRX15524,0,0,0,F,106.400,Oui,Yes,Fibre,3211.900,Month-to-month,0,Bank transfer (automatic),30,No
JISCY72692,0,0,0,F,45.050,Oui,No,ADSL,2462.600,One year,0,Bank transfer (automatic),55,No
LCJDC35066,1,0,1,H,19.950,Oui,No,Non,19.950,Month-to-month,0,Bank transfer (automatic),1,Yes
ACVZC09565,0,0,0,F,94.100,Oui,No,Fibre,5060.900,One year,1,Credit card (automatic),54,No
CZGBB24822,0,0,0,H,70.000,Oui,No,Fibre,740.000,Month-to-month,1,Electronic check,10,Yes
QJDGB66825,0,0,1,H,55.250,Oui,No,ADSL,2139.200,Month-to-month,1,Mailed check,40,Yes
YOVTD31286,1,0,1,F,79.150,Oui,No,Fibre,4018.550,Month-to-month,1,Bank transfer (automatic),51,No
ESELR10901,1,0,1,H,105.500,Oui,No,Fibre,7611.550,Two year,0,Bank transfer (automatic),72,No
KYEUA95706,0,0,0,H,99.250,Oui,Yes,Fibre,6549.450,Two year,0,Credit card (automatic),64,No
MAXGU47071,1,0,0,H,25.850,Oui,Yes,Non,1872.200,Two year,0,Credit card (automatic),72,No
BAAZR78729,1,0,1,F,19.550,Oui,No,Non,1007.900,One year,0,Bank transfer (automatic),53,No
SEIFQ25923,0,0,0,H,24.750,Non,No phone service,ADSL,66.950,Month-to-month,0,Electronic check,3,Yes
OAIHC96036,0,1,0,H,70.050,Oui,No,Fibre,70.050,Month-to-month,1,Electronic check,1,No
UBJRP06371,1,0,1,H,84.050,Oui,No,Fibre,1095.300,Month-to-month,0,Electronic check,13,Yes
XBHTB27547,0,0,0,F,77.650,Oui,No,Fibre,714.150,Month-to-month,1,Bank transfer (automatic),9,Yes
KZXCB65185,0,0,0,H,25.250,Oui,Yes,Non,566.500,Two year,0,Mailed check,22,No
RGMTT53315,1,1,0,H,99.050,Oui,Yes,Fibre,5295.700,Month-to-month,1,Credit card (automatic),54,No
FPWRM28891,1,0,0,H,117.800,Oui,Yes,Fibre,8684.800,One year,1,Bank transfer (automatic),72,Yes
PYLPB22511,1,0,0,H,79.550,Oui,Yes,ADSL,5810.900,Two year,0,Credit card (automatic),72,No
RCLCJ65997,1,0,0,H,109.550,Oui,Yes,Fibre,5124.550,Month-to-month,1,Electronic check,47,Yes
AZQPB51554,1,0,1,F,49.900,Oui,Yes,ADSL,1410.250,Month-to-month,0,Mailed check,28,No
GJLRN81671,0,0,0,H,30.400,Non,No phone service,ADSL,82.150,Month-to-month,0,Electronic check,3,No
XUMGI43047,1,1,1,H,75.150,Oui,Yes,ADSL,3822.450,Two year,1,Bank transfer (automatic),50,No
HIMLV45106,0,0,0,H,69.800,Oui,No,Fibre,69.800,Month-to-month,1,Electronic check,1,Yes
IECLD53494,0,0,0,H,94.950,Oui,No,Fibre,178.100,Month-to-month,0,Electronic check,2,Yes
OEAUQ37178,0,0,0,H,70.700,Oui,No,Fibre,129.200,Month-to-month,0,Mailed check,2,No
FCOWB19849,1,0,0,F,109.500,Oui,Yes,Fibre,7674.550,One year,1,Electronic check,70,Yes
EJGDP59734,0,0,0,H,87.350,Oui,Yes,Fibre,4473.000,Month-to-month,1,Electronic check,51,No
VTKDH23789,1,1,0,H,104.350,Oui,Yes,Fibre,6578.550,Month-to-month,1,Electronic check,65,No
RTAPZ72748,0,0,0,H,90.550,Oui,No,Fibre,90.550,Month-to-month,1,Electronic check,1,Yes
GSDTP08114,0,0,1,F,30.150,Non,No phone service,ADSL,382.200,Month-to-month,0,Electronic check,13,No
GALXR14507,0,0,0,F,98.500,Oui,Yes,Fibre,1058.250,Month-to-month,1,Electronic check,10,Yes
MQINP83804,1,0,1,F,20.300,Oui,No,Non,1079.050,Two year,0,Mailed check,55,No
IAHGH92102,0,0,0,F,70.750,Oui,No,ADSL,450.800,Month-to-month,1,Credit card (automatic),7,Yes
INLAT11795,0,0,0,H,19.450,Oui,No,Non,69.250,One year,1,Mailed check,3,No
MPZRL07562,0,0,0,H,33.700,Non,No phone service,ADSL,1537.850,One year,0,Credit card (automatic),46,No
NYSCF43693,0,0,0,H,75.750,Oui,No,ADSL,4284.650,One year,1,Bank transfer (automatic),56,No
VFHAY70174,1,0,1,F,115.100,Oui,Yes,Fibre,7008.150,Two year,0,Credit card (automatic),61,No
YDHMM14855,1,0,1,H,93.250,Oui,Yes,Fibre,4631.700,Month-to-month,1,Bank transfer (automatic),52,No
RXHRA10419,0,0,0,F,70.250,Oui,No,Fibre,2868.050,Month-to-month,0,Bank transfer (automatic),41,Yes
DFHHB36967,0,0,0,F,25.500,Oui,Yes,Non,1821.800,Two year,0,Bank transfer (automatic),68,No
KWRBE99173,1,0,1,F,78.350,Oui,Yes,ADSL,3211.200,One year,1,Credit card (automatic),41,No
WHAFY36699,1,0,0,F,115.150,Oui,Yes,Fibre,8078.100,Two year,1,Credit card (automatic),71,No
OHLVP09214,0,0,0,H,83.050,Oui,Yes,Fibre,1799.300,Month-to-month,0,Electronic check,22,No
VZHEB85146,1,0,1,H,19.500,Oui,No,Non,1147.850,Two year,0,Mailed check,59,No
RIGQZ73264,1,0,1,H,69.800,Oui,No,Fibre,377.850,Month-to-month,1,Electronic check,6,No
QKZPL79514,1,0,1,F,24.500,Oui,Yes,Non,740.300,Two year,1,Mailed check,33,Yes
FZHPE78122,1,0,1,F,24.100,Oui,Yes,Non,409.900,Month-to-month,0,Mailed check,17,Yes
HRPFA63222,1,0,1,H,59.600,Oui,No,ADSL,2970.300,Month-to-month,0,Credit card (automatic),49,No
OUZXB23029,1,0,0,H,82.150,Oui,Yes,ADSL,5784.300,Two year,0,Bank transfer (automatic),72,No
RPUAV70293,1,1,0,H,100.450,Oui,Yes,Fibre,1622.450,Month-to-month,1,Credit card (automatic),17,Yes
BENQF71051,0,0,1,H,64.850,Oui,No,ADSL,950.750,One year,0,Mailed check,15,No
NEJOJ24661,1,0,1,H,19.650,Oui,No,Non,169.750,Month-to-month,0,Credit card (automatic),8,No
XEMDW18521,0,0,0,H,65.050,Oui,Yes,ADSL,1427.550,Month-to-month,0,Mailed check,22,No
SFSQZ22636,1,0,1,H,24.950,Oui,Yes,Non,1222.250,Two year,1,Mailed check,51,No
AHQNN57125,0,0,0,F,91.650,Oui,No,Fibre,3954.100,Month-to-month,1,Electronic check,43,No
DQKQW97433,0,0,0,H,25.100,Non,No phone service,ADSL,79.800,Month-to-month,0,Electronic check,3,No
OBVRU85529,1,1,1,F,104.500,Oui,No,Fibre,5068.050,Month-to-month,1,Electronic check,48,No
ATNFV40863,1,0,1,F,60.800,Oui,No,ADSL,2042.050,One year,1,Mailed check,34,No
BCASL24036,1,1,1,H,111.950,Oui,Yes,Fibre,4534.900,One year,1,Electronic check,41,Yes
NMTBD85615,1,0,1,F,112.350,Oui,Yes,Fibre,7388.450,One year,1,Credit card (automatic),67,No
VWNAM54486,0,0,1,F,75.900,Oui,Yes,ADSL,1375.600,Month-to-month,1,Mailed check,19,No
KKTPH87694,1,0,1,F,99.650,Oui,Yes,Fibre,6311.200,One year,1,Credit card (automatic),63,No
QGOXH78312,0,0,0,F,85.200,Oui,Yes,Fibre,1553.900,Month-to-month,1,Electronic check,18,Yes
JZOSN24804,1,0,0,F,20.650,Oui,No,Non,20.650,Month-to-month,1,Mailed check,1,No
VPSGI29825,1,0,0,F,94.000,Oui,Yes,Fibre,1078.900,Month-to-month,1,Electronic check,11,Yes
DMZUK84961,0,0,0,H,90.400,Oui,Yes,Fibre,2820.650,One year,0,Bank transfer (automatic),30,No
VOBET38589,0,0,0,H,74.950,Oui,Yes,Fibre,1710.450,Month-to-month,1,Electronic check,23,Yes
GLZOU44842,1,0,0,F,105.050,Oui,Yes,Fibre,5624.850,Month-to-month,1,Electronic check,52,Yes
UFTUL05947,1,0,1,H,19.850,Oui,No,Non,252.000,Month-to-month,1,Mailed check,13,No
WCUUZ07575,1,0,1,H,63.350,Oui,Yes,ADSL,3409.100,Two year,0,Credit card (automatic),54,No
AFUYI82862,0,0,0,H,47.950,Oui,No,ADSL,47.950,Month-to-month,0,Electronic check,1,No
LLSKM28688,1,0,1,F,83.650,Oui,Yes,Fibre,5733.400,One year,1,Bank transfer (automatic),68,No
TREIR49575,0,0,0,H,64.400,Oui,No,ADSL,195.650,Month-to-month,1,Credit card (automatic),3,No
TVAIH64167,1,0,1,H,68.500,Oui,No,Fibre,68.500,Month-to-month,1,Electronic check,1,Yes
PACGQ92595,1,0,0,F,62.650,Oui,Yes,ADSL,2274.900,Month-to-month,0,Electronic check,34,Yes
SSLTO26765,0,0,0,H,66.150,Oui,Yes,ADSL,3199.000,Two year,1,Bank transfer (automatic),49,No
ETQTI81434,1,0,1,F,19.650,Oui,No,Non,451.550,Two year,1,Mailed check,23,No
JNISG08311,1,0,1,H,19.800,Oui,No,Non,1396.250,Two year,0,Mailed check,71,No
UOLYZ35724,0,0,1,F,84.800,Oui,Yes,Fibre,3958.850,Month-to-month,1,Bank transfer (automatic),46,No
WIQVA75504,1,0,1,H,108.250,Oui,Yes,Fibre,5431.400,One year,1,Electronic check,50,No
PODML75685,0,0,0,H,45.300,Non,No phone service,ADSL,45.300,Month-to-month,1,Mailed check,1,Yes
ECMCM75671,0,0,0,H,79.850,Oui,No,Fibre,2001.000,Month-to-month,1,Credit card (automatic),24,No
TNRXS64456,1,0,1,H,114.700,Oui,Yes,Fibre,7849.850,Two year,1,Bank transfer (automatic),68,No
LNWMW81746,0,0,0,F,20.900,Oui,No,Non,689.350,Two year,0,Credit card (automatic),31,No
CAAYU35664,1,0,1,F,49.850,Non,No phone service,ADSL,3210.350,Two year,0,Electronic check,64,No
HSJCY28453,1,0,1,F,87.250,Oui,Yes,Fibre,1258.600,Month-to-month,1,Electronic check,14,Yes
UKKNL95012,0,0,0,H,51.700,Non,No phone service,ADSL,3005.800,Month-to-month,1,Electronic check,59,No
NLTIT52142,1,0,1,H,90.800,Oui,Yes,Fibre,6511.800,Two year,1,Credit card (automatic),72,No
JOMMD72957,0,0,1,F,98.100,Oui,No,Fibre,396.300,Month-to-month,1,Bank transfer (automatic),4,Yes
LRWZD37071,0,0,0,F,84.050,Oui,Yes,Fibre,2781.850,One year,0,Electronic check,32,Yes
GYRUU25739,1,1,0,H,91.050,Oui,Yes,Fibre,4370.750,Month-to-month,1,Credit card (automatic),48,No
OSINB62953,1,0,0,H,109.650,Oui,Yes,Fibre,7880.250,Two year,1,Electronic check,72,No
VBYPO30716,1,0,1,H,89.850,Oui,No,Fibre,248.400,Month-to-month,0,Electronic check,3,No
NHQEI86397,1,0,1,F,95.900,Oui,Yes,Fibre,6954.150,Two year,1,Bank transfer (automatic),72,No
AAAGJ59502,0,0,0,H,84.300,Oui,Yes,Fibre,1537.900,Month-to-month,0,Bank transfer (automatic),18,No
XUATA22748,1,1,0,H,63.100,Non,No phone service,ADSL,4685.550,Two year,1,Bank transfer (automatic),72,No
DZCVC53072,1,1,0,F,85.950,Oui,Yes,Fibre,2628.600,Month-to-month,1,Credit card (automatic),32,Yes
NTYXF15647,0,1,0,F,82.000,Oui,Yes,Fibre,1127.200,Month-to-month,1,Electronic check,13,Yes
SDHNU09099,0,0,1,F,29.800,Non,No phone service,ADSL,201.950,Month-to-month,0,Mailed check,7,No
HZVZM58769,1,0,1,F,55.900,Oui,No,ADSL,365.350,Month-to-month,0,Credit card (automatic),6,Yes
KRZZE15755,0,0,0,F,55.200,Oui,No,ADSL,220.650,Month-to-month,0,Electronic check,4,No
CQSJI37523,1,0,1,F,20.450,Oui,No,Non,254.500,Month-to-month,1,Mailed check,13,No
VJRDR08682,1,0,0,H,104.050,Oui,No,Fibre,6605.550,Two year,1,Credit card (automatic),64,No
EXCDZ95847,0,0,0,F,70.500,Oui,No,Fibre,1165.600,Month-to-month,0,Bank transfer (automatic),17,No
PVMRC09808,1,0,1,F,50.850,Non,No phone service,ADSL,2036.550,Month-to-month,1,Electronic check,40,No
UXRQN81083,1,0,1,F,50.550,Non,No phone service,ADSL,565.350,Month-to-month,0,Electronic check,11,No
KSLXC63776,0,0,0,H,19.950,Oui,No,Non,107.050,Month-to-month,0,Mailed check,5,No
QVYKW78922,1,0,1,F,85.600,Oui,Yes,Fibre,1868.400,Month-to-month,0,Electronic check,23,No
CZHRQ89329,0,0,0,H,76.750,Oui,Yes,ADSL,5233.250,One year,0,Credit card (automatic),68,No
DLXRI22545,0,0,0,F,79.150,Oui,Yes,Fibre,79.150,Month-to-month,1,Mailed check,1,No
HWUYD40777,1,0,1,H,87.550,Oui,Yes,ADSL,6463.150,Two year,1,Bank transfer (automatic),72,No
PVESG87452,0,0,0,F,41.100,Non,No phone service,ADSL,2258.250,One year,1,Credit card (automatic),57,No
GWDBQ82619,1,1,0,F,116.050,Oui,Yes,Fibre,6925.900,Two year,1,Bank transfer (automatic),60,No
SANFR32585,0,1,0,H,44.700,Oui,No,ADSL,276.500,Month-to-month,0,Credit card (automatic),6,No
HVPIV74496,1,0,1,H,90.400,Oui,Yes,Fibre,5099.150,Month-to-month,1,Credit card (automatic),55,No
CQPHU32441,0,1,0,F,110.100,Oui,Yes,Fibre,7746.700,Two year,1,Bank transfer (automatic),72,No
FVQKB52083,1,0,0,H,67.950,Oui,No,ADSL,4664.150,Two year,0,Mailed check,70,No
XKKPU64133,1,0,1,H,89.400,Oui,No,Fibre,1539.450,Month-to-month,1,Electronic check,17,Yes
BMLVW33996,1,0,1,H,60.500,Oui,No,ADSL,3121.450,Two year,0,Credit card (automatic),51,No
EUIVN75957,0,0,0,F,75.800,Oui,No,Fibre,75.800,Month-to-month,0,Electronic check,1,Yes
PHFWD89939,0,0,0,F,25.250,Non,No phone service,ADSL,58.900,Month-to-month,0,Electronic check,3,Yes
MHQVU73515,0,0,0,F,50.950,Non,No phone service,ADSL,307.600,Month-to-month,0,Credit card (automatic),6,No
ISPUP97008,1,0,1,F,65.500,Oui,No,ADSL,616.900,Month-to-month,1,Electronic check,10,No
USIXD06822,1,0,0,F,86.050,Oui,No,Fibre,1818.900,Month-to-month,1,Electronic check,21,No
XUOPT00238,1,0,0,F,94.100,Oui,Yes,Fibre,1215.600,Month-to-month,0,Electronic check,13,Yes
QSGXK86301,1,0,0,H,75.200,Oui,Yes,ADSL,3901.250,Two year,1,Bank transfer (automatic),51,No
IDMFK34584,0,0,0,H,20.750,Oui,No,Non,499.400,Two year,1,Mailed check,25,No
BYHDO36424,1,0,1,F,19.900,Oui,No,Non,1389.350,Two year,0,Bank transfer (automatic),71,No
VEQXM28007,0,0,0,F,74.750,Oui,No,Fibre,238.100,Month-to-month,1,Mailed check,3,No
GINMM25141,0,0,0,H,79.500,Oui,No,Fibre,79.500,Month-to-month,1,Electronic check,1,Yes
BVEPF80652,0,1,0,H,99.100,Oui,No,Fibre,6496.150,Month-to-month,1,Bank transfer (automatic),65,No
ZVTHB06871,1,0,1,H,72.450,Oui,Yes,ADSL,4653.850,One year,0,Credit card (automatic),65,Yes
YNQWJ93614,0,0,0,F,24.400,Oui,Yes,Non,1601.200,One year,1,Bank transfer (automatic),64,No
HYWWO11541,0,0,0,H,70.600,Oui,No,ADSL,2708.200,One year,0,Mailed check,38,No
PNNSZ61982,1,0,0,F,109.800,Oui,Yes,Fibre,6109.650,One year,0,Bank transfer (automatic),56,No
KCLGT58936,0,0,1,F,19.750,Oui,No,Non,1567.000,Two year,1,Mailed check,72,No
MHZWF00139,0,0,1,F,69.400,Oui,No,ADSL,571.450,Month-to-month,1,Credit card (automatic),9,No
AVCLN05823,0,0,0,F,20.300,Oui,No,Non,743.050,Two year,0,Mailed check,38,No
ZKVNW43855,1,0,1,H,54.900,Oui,No,ADSL,2549.100,Month-to-month,1,Bank transfer (automatic),44,No
PDWQE78987,1,0,0,H,80.400,Oui,Yes,ADSL,5727.150,Two year,0,Credit card (automatic),71,No
EHYJA84688,1,0,0,F,99.650,Oui,Yes,Fibre,5497.050,Month-to-month,1,Electronic check,57,No
OAQQC20278,0,0,0,F,49.050,Non,No phone service,ADSL,2076.200,Month-to-month,1,Bank transfer (automatic),43,Yes
INNWN43591,0,0,0,F,20.050,Oui,No,Non,337.900,One year,0,Credit card (automatic),17,No
LPGOO94516,0,0,0,H,86.800,Oui,Yes,Fibre,620.350,Month-to-month,1,Electronic check,7,Yes
INRFU19818,0,0,0,F,79.750,Oui,No,Fibre,164.500,Month-to-month,1,Electronic check,2,Yes
TOSSS62922,0,0,0,H,24.900,Oui,Yes,Non,1195.250,Two year,0,Bank transfer (automatic),50,No
NXKDA93851,1,0,0,F,82.650,Oui,Yes,ADSL,5919.350,Two year,1,Credit card (automatic),72,No
DLCLU95539,0,0,1,F,88.950,Oui,Yes,ADSL,1161.750,Two year,0,Credit card (automatic),13,No
SHBCB64296,0,0,0,H,69.600,Oui,Yes,ADSL,1394.550,Month-to-month,0,Mailed check,19,No
DIUUN33738,1,0,1,H,21.250,Oui,No,Non,711.900,Two year,0,Mailed check,30,No
XFCVR15028,0,0,0,F,106.450,Oui,No,Fibre,6145.850,One year,1,Electronic check,58,Yes
YHRYO37502,1,0,1,H,20.650,Oui,No,Non,150.000,One year,0,Mailed check,7,No
FEQME24009,1,0,1,H,20.500,Oui,No,Non,1177.950,Two year,0,Mailed check,55,No
RWASJ44514,1,0,1,H,19.500,Oui,No,Non,239.750,One year,1,Mailed check,15,No
PNJMH81008,1,0,1,H,88.850,Oui,Yes,ADSL,6132.700,Two year,1,Credit card (automatic),68,No
AKOAJ55151,0,0,0,F,100.100,Oui,Yes,Fibre,5440.900,Month-to-month,1,Electronic check,54,Yes
VONWT78952,0,0,0,F,48.250,Non,No phone service,ADSL,1293.800,Month-to-month,1,Electronic check,25,No
SGDXK20136,0,0,0,F,84.300,Oui,No,Fibre,84.300,Month-to-month,0,Electronic check,1,Yes
LXYVJ25453,1,0,0,H,20.700,Oui,No,Non,1492.100,Two year,0,Bank transfer (automatic),72,No
GCDXG06743,0,0,0,H,71.900,Oui,Yes,ADSL,4479.200,Two year,1,Bank transfer (automatic),63,No
FZBSX45189,1,0,1,H,20.250,Oui,No,Non,854.900,One year,0,Mailed check,42,No
QRAVE43607,0,1,0,H,36.650,Non,No phone service,ADSL,1315.000,Month-to-month,0,Electronic check,37,No
DKDTV56873,0,0,0,F,20.350,Oui,No,Non,77.500,Month-to-month,0,Mailed check,4,Yes
CJQAQ27883,0,0,0,H,19.450,Oui,No,Non,270.200,One year,0,Mailed check,13,No
UDNLU26219,1,0,0,F,20.850,Oui,No,Non,72.000,Month-to-month,0,Mailed check,3,No
EIHEQ96372,0,0,0,F,50.800,Oui,No,ADSL,50.800,Month-to-month,1,Electronic check,1,Yes
XVTZH76918,1,0,0,F,89.950,Oui,Yes,Fibre,5974.300,Two year,1,Bank transfer (automatic),68,No
RLQLC54242,0,0,0,H,59.650,Oui,No,ADSL,638.950,Month-to-month,1,Mailed check,10,No
MMYRQ15996,1,0,1,H,81.450,Oui,No,Fibre,4983.050,One year,1,Credit card (automatic),62,No
YRFHY95885,0,0,0,H,19.900,Oui,No,Non,1022.600,Two year,1,Credit card (automatic),49,No
GHJAW59708,1,0,1,H,19.950,Oui,No,Non,862.400,Two year,0,Credit card (automatic),46,No
HBZPA62033,0,0,0,H,63.900,Non,No phone service,ADSL,3334.950,Two year,0,Credit card (automatic),52,No
NQBCT22084,1,0,1,F,81.950,Oui,No,Fibre,2070.050,Month-to-month,0,Electronic check,26,No
PHWFW46943,0,0,1,F,19.950,Oui,No,Non,170.900,Month-to-month,0,Mailed check,8,No
BOQPW78174,0,0,0,F,75.550,Oui,Yes,Fibre,166.300,Month-to-month,1,Electronic check,2,Yes
RLHYP00423,1,0,1,F,19.700,Oui,No,Non,1396.900,Two year,0,Bank transfer (automatic),69,No
WEQRM96269,0,0,0,F,29.150,Non,No phone service,ADSL,110.050,Month-to-month,1,Mailed check,4,No
BVCXS50351,0,0,0,H,75.900,Oui,No,Fibre,866.400,Month-to-month,1,Mailed check,11,No
UDIJQ04238,0,1,0,H,49.200,Oui,No,ADSL,447.900,Month-to-month,0,Mailed check,9,No
XQXMQ57661,0,0,0,F,68.850,Oui,No,ADSL,1970.500,Month-to-month,1,Bank transfer (automatic),29,Yes
WAROZ42502,1,1,1,H,93.250,Oui,Yes,Fibre,5774.550,Month-to-month,1,Electronic check,60,No
MSWCO90579,1,1,0,H,30.750,Non,No phone service,ADSL,805.100,Month-to-month,0,Credit card (automatic),27,Yes
KDYWC62172,0,0,1,H,19.600,Oui,No,Non,1170.550,Two year,1,Mailed check,57,No
DSAZX63901,0,0,1,F,73.600,Oui,No,Fibre,73.600,Month-to-month,1,Mailed check,1,Yes
BAXNB31867,0,0,0,F,91.700,Oui,No,Fibre,91.700,Month-to-month,0,Electronic check,1,Yes
FAEMR89172,0,0,0,F,19.850,Oui,No,Non,784.250,Two year,0,Mailed check,37,No
YJCLA82047,1,1,1,H,64.800,Non,No phone service,ADSL,4732.350,Two year,1,Bank transfer (automatic),72,No
EUHJO87147,1,0,1,F,91.150,Oui,Yes,Fibre,2995.450,Month-to-month,1,Electronic check,31,Yes
KXRRV69418,1,1,0,F,58.950,Oui,No,ADSL,2789.700,One year,1,Bank transfer (automatic),48,No
IGFSG18945,0,0,0,F,89.250,Oui,No,Fibre,1907.850,Month-to-month,0,Electronic check,22,Yes
MQZZL58994,0,0,0,F,75.000,Oui,Yes,Fibre,999.450,Month-to-month,1,Mailed check,13,Yes
AMKAK91521,0,0,0,H,80.250,Oui,No,ADSL,493.400,Two year,1,Mailed check,6,No
OZQVA61356,0,0,0,F,53.650,Oui,Yes,ADSL,404.350,Month-to-month,1,Electronic check,7,No
JMJQQ34072,1,0,1,F,109.000,Oui,Yes,Fibre,7661.800,Two year,1,Bank transfer (automatic),71,No
MOAVT49194,0,0,1,H,69.650,Oui,No,Fibre,220.100,Month-to-month,0,Electronic check,3,Yes
XJOCM58255,0,0,1,H,64.400,Oui,Yes,ADSL,3035.350,One year,1,Bank transfer (automatic),48,No
FVVRP39485,1,0,1,H,54.800,Oui,No,ADSL,452.800,Month-to-month,0,Mailed check,9,No
DVEYC30702,0,1,0,H,73.750,Oui,Yes,Fibre,545.150,Month-to-month,0,Mailed check,7,Yes
EURKS62402,0,0,1,F,35.000,Non,No phone service,ADSL,553.000,Month-to-month,1,Electronic check,18,Yes
YPODE74463,0,1,0,H,60.250,Oui,Yes,ADSL,662.950,Month-to-month,0,Bank transfer (automatic),11,No
FENLU29597,0,0,0,F,85.300,Oui,No,Fibre,781.400,Month-to-month,1,Credit card (automatic),9,No
BTJAU82258,0,1,0,H,79.250,Oui,No,Fibre,793.550,Month-to-month,1,Electronic check,10,Yes
MHJKM32475,0,0,0,H,20.200,Oui,No,Non,20.200,Month-to-month,0,Mailed check,1,No
ALMWY26576,1,1,0,F,84.950,Oui,No,Fibre,2169.750,Month-to-month,0,Electronic check,26,Yes
QIIEB44528,0,0,0,H,43.900,Oui,No,ADSL,278.400,Month-to-month,0,Mailed check,7,No
QWSPR66033,0,0,0,F,104.400,Oui,No,Fibre,4904.200,Two year,1,Bank transfer (automatic),46,No
IOAAF97176,0,0,1,H,25.850,Oui,Yes,Non,788.550,Two year,1,Credit card (automatic),27,No
IQWOZ72541,0,0,0,H,69.650,Oui,No,Fibre,69.650,Month-to-month,1,Electronic check,1,Yes
FPSYH24608,0,1,0,F,55.800,Non,No phone service,ADSL,2109.350,Month-to-month,1,Electronic check,40,Yes
FHSGK06179,0,0,1,H,75.200,Oui,Yes,Fibre,3678.300,Month-to-month,0,Credit card (automatic),49,Yes
ZBWLV42505,0,0,0,H,108.450,Oui,Yes,Fibre,7176.550,One year,0,Electronic check,68,Yes
LHSSK44957,0,0,1,F,57.650,Oui,Yes,ADSL,992.700,Month-to-month,0,Mailed check,18,No
LXOLK39579,0,1,0,F,106.150,Oui,Yes,Fibre,3152.500,Month-to-month,1,Electronic check,28,Yes
BKHOP57815,1,0,0,F,100.650,Oui,Yes,Fibre,7334.050,Two year,0,Bank transfer (automatic),72,No
CCIHA66914,1,0,0,F,84.950,Oui,Yes,ADSL,5150.550,Two year,1,Electronic check,62,No
SQXML39573,1,0,1,F,24.950,Oui,Yes,Non,894.300,Two year,0,Credit card (automatic),34,No
JNVRK64161,0,0,0,F,55.650,Oui,No,ADSL,2688.850,One year,0,Credit card (automatic),46,No
OBMLJ20409,0,0,0,H,81.700,Oui,Yes,Fibre,2548.650,One year,0,Credit card (automatic),31,No
NHAVY89823,0,0,0,H,100.500,Oui,Yes,Fibre,2673.450,One year,1,Bank transfer (automatic),27,No
DFKIC95543,1,0,1,H,54.450,Oui,Yes,ADSL,1588.700,Month-to-month,1,Bank transfer (automatic),30,No
FKOGQ37971,0,0,1,H,86.200,Oui,Yes,Fibre,893.200,Month-to-month,0,Electronic check,11,No
IFBQW06913,0,1,0,F,110.000,Oui,Yes,Fibre,4874.800,One year,1,Electronic check,46,Yes
QEXBZ04403,0,0,0,F,50.150,Oui,Yes,ADSL,2139.100,Month-to-month,1,Mailed check,44,No
JOKAR87382,0,0,0,F,67.700,Oui,No,ADSL,2882.250,One year,1,Mailed check,42,No
KTVFV74108,1,0,0,H,49.550,Oui,No,ADSL,878.350,Month-to-month,1,Mailed check,18,Yes
LVCPP28178,0,0,0,F,19.400,Oui,No,Non,1023.950,Two year,0,Credit card (automatic),50,No
TILVL64973,1,0,1,F,50.700,Oui,No,ADSL,350.350,Month-to-month,0,Mailed check,7,No
JTCUD08394,1,0,1,F,89.900,Oui,Yes,ADSL,5958.850,Two year,0,Credit card (automatic),66,No
MKWSG01282,0,0,1,F,45.800,Non,No phone service,ADSL,1147.000,Month-to-month,0,Mailed check,26,No
BDVDB37161,0,0,0,H,69.100,Oui,No,Fibre,69.100,Month-to-month,1,Electronic check,1,Yes
NOKYQ71597,1,0,0,H,93.150,Oui,Yes,Fibre,6368.200,Two year,1,Electronic check,67,No
YXSMB77145,0,0,0,F,100.500,Oui,Yes,Fibre,2599.950,Month-to-month,1,Bank transfer (automatic),26,No
OKWVH40709,1,0,0,F,94.600,Oui,Yes,Fibre,5025.800,Month-to-month,0,Bank transfer (automatic),52,No
YQBYY16891,0,0,1,F,76.600,Oui,Yes,Fibre,893.000,Month-to-month,1,Electronic check,12,No
UBQFC19078,0,1,0,H,72.850,Oui,No,Fibre,688.650,Month-to-month,1,Electronic check,10,Yes
QTKDO18951,0,0,0,F,43.950,Oui,No,ADSL,43.950,Month-to-month,0,Credit card (automatic),1,No
RYBHH35373,1,1,0,F,67.450,Oui,Yes,ADSL,3252.000,Month-to-month,1,Credit card (automatic),47,No
OFQCB54143,0,0,0,H,90.450,Oui,Yes,Fibre,5229.800,Two year,1,Credit card (automatic),57,No
IIDEO10316,0,0,0,F,70.850,Oui,No,Fibre,70.850,Month-to-month,1,Electronic check,1,Yes
SYSWS32589,0,1,0,H,113.800,Oui,Yes,Fibre,7845.800,Two year,0,Bank transfer (automatic),72,No
VSOBE07237,0,1,0,F,34.200,Non,No phone service,ADSL,1596.600,One year,0,Electronic check,45,No
UXBBR61885,1,0,0,F,20.250,Oui,No,Non,814.750,One year,1,Credit card (automatic),38,No
HOSAM19415,1,0,1,H,90.100,Oui,No,Fibre,90.100,Month-to-month,1,Electronic check,1,No
CDBUW36338,0,0,1,H,80.850,Oui,No,ADSL,1445.950,One year,0,Electronic check,17,No
KMENE82956,1,0,1,F,76.450,Oui,Yes,ADSL,4519.500,Two year,1,Mailed check,59,No
LZQXK01256,0,0,0,H,101.350,Oui,No,Fibre,1553.950,Month-to-month,1,Electronic check,15,Yes
DRTMJ97305,1,0,0,H,72.800,Oui,Yes,ADSL,2333.050,One year,1,Credit card (automatic),32,No
RNXZV10476,0,0,0,H,19.550,Oui,No,Non,876.150,Two year,0,Mailed check,43,No
BNCAS56999,0,1,0,H,24.650,Oui,Yes,Non,1766.750,Two year,1,Mailed check,71,No
TBWLC02064,1,0,0,F,114.650,Oui,Yes,Fibre,6049.500,One year,1,Mailed check,54,No
HFAFX90953,0,0,0,F,81.000,Oui,No,Fibre,389.600,Month-to-month,1,Credit card (automatic),5,Yes
NWVFJ31317,1,0,1,F,19.550,Oui,No,Non,294.500,One year,0,Mailed check,14,No
BQCEQ05961,1,0,1,F,100.150,Oui,No,Fibre,6283.300,Month-to-month,1,Electronic check,62,Yes
QHAFM63628,1,0,0,H,108.300,Oui,Yes,Fibre,4586.150,One year,1,Electronic check,42,No
LWLYN73944,0,0,0,F,70.150,Oui,No,Fibre,123.800,Month-to-month,1,Electronic check,2,No
MRMZF24523,1,1,0,F,25.700,Oui,Yes,Non,1937.400,Two year,1,Credit card (automatic),72,No
MXJHJ66091,1,0,1,F,25.100,Oui,Yes,Non,789.550,Two year,1,Mailed check,30,No
ITEMU59819,1,0,0,H,97.100,Oui,Yes,Fibre,3706.950,Month-to-month,1,Bank transfer (automatic),40,Yes
EQUUH01916,0,0,1,F,35.050,Non,No phone service,ADSL,844.450,Two year,0,Bank transfer (automatic),25,No
VIFJQ92531,1,0,0,H,67.050,Oui,Yes,ADSL,4309.550,One year,0,Credit card (automatic),65,No
HARPS12457,1,0,0,F,20.400,Oui,No,Non,292.400,Two year,0,Mailed check,14,No
TVBPP56274,0,0,1,F,20.100,Oui,No,Non,644.500,One year,1,Credit card (automatic),35,No
DGOWI11377,1,0,0,F,70.250,Oui,No,ADSL,2198.900,One year,0,Bank transfer (automatic),30,No
ZRHFP88129,1,0,1,F,86.450,Oui,No,Fibre,2538.050,One year,0,Electronic check,30,No
UZAVK52234,0,0,0,H,100.300,Oui,No,Fibre,6603.800,One year,1,Credit card (automatic),64,No
BGQGF07309,1,0,1,H,90.300,Oui,Yes,ADSL,6287.300,Two year,0,Credit card (automatic),71,No
UZIPO44306,0,0,0,H,36.850,Non,No phone service,ADSL,108.700,Month-to-month,1,Mailed check,3,Yes
YDNRM30304,0,0,0,H,74.850,Oui,Yes,Fibre,572.450,Month-to-month,1,Electronic check,8,No
JKFWI20257,0,0,0,H,99.000,Oui,Yes,Fibre,1301.700,Month-to-month,1,Mailed check,13,Yes
TODQS23321,0,0,0,F,25.050,Oui,Yes,Non,1171.500,One year,0,Credit card (automatic),48,No
OIJEA37092,0,0,0,H,85.200,Oui,No,Fibre,2184.600,One year,1,Electronic check,26,No
EHUZA09307,0,0,0,F,76.350,Oui,No,ADSL,2606.350,One year,1,Mailed check,36,No
IHETN91746,0,0,1,F,70.350,Oui,No,Fibre,3533.600,Two year,0,Credit card (automatic),50,No
BIDBU57244,1,0,0,H,55.350,Oui,Yes,ADSL,2633.950,One year,1,Electronic check,49,No
VASWC12179,1,1,0,H,100.550,Oui,No,Fibre,4304.000,One year,1,Bank transfer (automatic),43,No
XMJVH17357,1,0,1,H,19.350,Oui,No,Non,152.600,Month-to-month,1,Mailed check,8,No
PQHBB17911,0,0,1,F,61.200,Oui,No,ADSL,125.950,Month-to-month,1,Credit card (automatic),2,No
QGCLU14928,1,0,1,H,85.700,Oui,Yes,ADSL,4616.100,Month-to-month,0,Electronic check,53,No
YBAKM33271,1,0,0,F,96.900,Oui,No,Fibre,6314.350,One year,1,Mailed check,64,No
HPJKM52061,0,0,0,H,55.500,Oui,No,ADSL,934.150,Month-to-month,1,Credit card (automatic),17,No
AOUDH98148,0,0,0,H,19.500,Oui,No,Non,1050.500,Two year,0,Credit card (automatic),53,No
SBYAI68884,0,0,0,H,50.700,Oui,No,ADSL,50.700,Month-to-month,1,Mailed check,1,No
ACTAS15453,1,0,1,F,99.700,Oui,No,Fibre,4977.200,One year,1,Bank transfer (automatic),48,No
WSWDB76342,0,0,1,F,38.500,Non,No phone service,ADSL,330.800,Month-to-month,1,Electronic check,8,No
DJXAA68184,0,0,1,F,91.100,Oui,No,Fibre,964.350,Month-to-month,1,Electronic check,10,No
TBNBE28963,1,0,0,H,80.800,Oui,No,Fibre,3132.750,One year,0,Electronic check,40,No
XLDZR24984,1,0,1,F,73.600,Oui,No,ADSL,2316.850,Two year,0,Mailed check,32,No
WIKXB54398,1,1,0,H,94.550,Oui,No,Fibre,3851.450,Month-to-month,1,Electronic check,41,No
FMZPV33936,0,0,0,F,100.250,Oui,Yes,Fibre,2387.750,Month-to-month,1,Electronic check,25,Yes
KIOVK14528,0,0,1,H,89.100,Oui,Yes,Fibre,1949.400,Month-to-month,1,Credit card (automatic),22,No
IKHQQ55981,0,0,0,F,25.450,Oui,Yes,Non,1866.450,Two year,0,Credit card (automatic),72,No
LDFXO57892,0,0,0,H,24.600,Oui,Yes,Non,592.650,One year,0,Electronic check,24,No
HVDUJ66204,0,0,0,H,60.450,Oui,No,ADSL,1440.750,Month-to-month,0,Bank transfer (automatic),24,No
HDIYE86596,0,1,0,F,74.650,Oui,Yes,ADSL,4869.350,Month-to-month,0,Credit card (automatic),64,No
IFJOZ57602,0,0,0,H,107.950,Oui,Yes,Fibre,313.600,Month-to-month,0,Mailed check,3,No
YGZFK74424,0,0,0,H,49.800,Oui,Yes,ADSL,49.800,Month-to-month,1,Credit card (automatic),1,No
CBQUZ75376,0,1,0,H,109.400,Oui,Yes,Fibre,7031.450,Month-to-month,1,Bank transfer (automatic),63,No
EREMR09392,0,0,1,F,53.450,Oui,No,ADSL,718.100,Month-to-month,0,Mailed check,13,No
XWZOY73953,0,0,0,H,55.000,Non,No phone service,ADSL,1165.550,Month-to-month,1,Credit card (automatic),20,No
WEGCH02928,1,0,1,F,86.200,Oui,Yes,ADSL,4524.050,Month-to-month,1,Electronic check,54,No
ZYJZK44874,1,0,1,F,19.600,Oui,No,Non,763.100,One year,0,Credit card (automatic),38,No
TMZLF55396,0,1,0,H,69.750,Oui,No,Fibre,69.750,Month-to-month,1,Electronic check,1,Yes
WCESF96103,0,0,0,H,43.900,Non,No phone service,ADSL,3097.200,Two year,0,Electronic check,67,No
BYWMS12644,0,0,0,H,96.800,Oui,Yes,Fibre,5283.950,Month-to-month,1,Electronic check,55,Yes
XZBJL11772,1,0,1,H,64.150,Oui,Yes,ADSL,3491.550,One year,0,Bank transfer (automatic),53,No
IPCAO61996,1,0,1,F,26.100,Oui,Yes,Non,692.550,Two year,0,Mailed check,29,No
LYTRK38004,0,0,0,F,55.700,Oui,No,ADSL,795.150,One year,0,Mailed check,14,No
TORSS88699,0,0,0,F,60.350,Oui,No,ADSL,2896.400,One year,1,Credit card (automatic),48,Yes
NSRGI06676,1,0,0,F,69.550,Oui,Yes,ADSL,3435.600,One year,1,Mailed check,48,No
CWQFQ28535,0,0,1,H,59.550,Oui,No,ADSL,59.550,Month-to-month,1,Mailed check,1,No
AJRAO33781,1,0,1,H,24.850,Oui,Yes,Non,1013.600,One year,0,Electronic check,44,No
SKLKD94956,1,0,1,H,95.950,Oui,Yes,Fibre,4456.650,Month-to-month,1,Bank transfer (automatic),45,No
SKCVI14501,0,0,0,F,73.850,Oui,No,Fibre,4092.850,Month-to-month,1,Electronic check,56,Yes
YQQAJ80694,0,0,0,H,31.100,Non,No phone service,ADSL,419.700,Month-to-month,1,Mailed check,14,No
DLLMH44503,0,0,0,H,71.300,Oui,No,Fibre,157.750,Month-to-month,1,Credit card (automatic),2,No
QBBFM33405,1,1,0,H,54.100,Oui,No,ADSL,1992.850,One year,0,Credit card (automatic),36,No
SRAIP56695,0,0,0,F,39.500,Non,No phone service,ADSL,210.750,Month-to-month,0,Electronic check,5,Yes
CXRSC92203,1,0,1,F,61.400,Oui,Yes,ADSL,4059.850,Two year,0,Credit card (automatic),69,No
RITDD01814,1,0,1,H,108.150,Oui,No,Fibre,6825.650,Two year,0,Mailed check,62,No
RTCZG78788,0,0,0,F,19.900,Oui,No,Non,19.900,Month-to-month,0,Mailed check,1,No
SJDIS07084,0,0,0,F,65.000,Oui,Yes,ADSL,2157.500,Month-to-month,0,Mailed check,34,No
QTGDL38428,1,0,0,H,80.750,Oui,No,Fibre,1321.300,Month-to-month,0,Bank transfer (automatic),16,No
ZBDSN74732,1,0,1,F,18.800,Oui,No,Non,255.550,Two year,0,Mailed check,14,No
RAKOZ65591,1,0,1,H,97.950,Oui,Yes,Fibre,4917.900,One year,1,Electronic check,49,No
PTNPG96891,0,0,0,H,80.250,Oui,No,Fibre,144.550,Month-to-month,1,Electronic check,2,Yes
HZYLF58595,1,0,1,H,19.150,Oui,No,Non,515.750,Two year,1,Credit card (automatic),26,No
PFPXL62344,1,0,0,H,95.900,Oui,Yes,Fibre,2234.950,Month-to-month,0,Credit card (automatic),22,No
CPNLD62894,1,0,1,H,73.900,Oui,No,ADSL,2405.050,One year,1,Mailed check,33,Yes
TZZDT63689,1,0,1,H,19.500,Oui,No,Non,96.850,Two year,0,Credit card (automatic),4,No
ZFZIB38651,0,0,0,H,19.650,Oui,No,Non,358.150,Two year,0,Mailed check,19,No
BPTUT71645,0,0,1,H,89.550,Oui,Yes,ADSL,5012.350,Two year,0,Mailed check,57,No
WYRVP91345,0,0,0,H,86.350,Oui,No,Fibre,4267.150,One year,0,Mailed check,51,No
RGWBC76632,0,0,0,H,44.150,Oui,No,ADSL,44.150,Month-to-month,1,Mailed check,1,Yes
NOKBL02583,0,0,0,H,90.400,Oui,No,Fibre,268.450,Month-to-month,0,Electronic check,3,No
MRVET64692,1,0,1,H,20.200,Oui,No,Non,20.200,One year,1,Electronic check,1,No
JKOOW28344,0,0,0,F,45.900,Non,No phone service,ADSL,693.450,One year,0,Mailed check,15,No
LIAYI76394,0,0,0,H,79.750,Oui,Yes,ADSL,4217.800,Two year,1,Credit card (automatic),52,No
FDUIZ47101,1,0,0,H,100.300,Oui,Yes,Fibre,5614.450,One year,0,Credit card (automatic),56,Yes
BEQEU58357,0,0,0,H,76.950,Oui,Yes,Fibre,228.400,Month-to-month,1,Electronic check,3,Yes
GUXDC57015,1,0,0,F,35.400,Non,No phone service,ADSL,978.600,One year,0,Credit card (automatic),26,No
KTGUD57953,1,0,0,F,110.800,Oui,Yes,Fibre,7553.600,Two year,1,Bank transfer (automatic),68,No
LGECI70094,0,0,0,F,50.550,Oui,No,ADSL,235.650,Month-to-month,1,Bank transfer (automatic),4,No
FTQBF62858,1,0,1,H,25.550,Oui,Yes,Non,1867.700,Two year,0,Credit card (automatic),72,No
NIKRI06913,0,0,0,F,105.950,Oui,Yes,Fibre,4335.200,One year,1,Credit card (automatic),40,No
FKLZB15871,1,1,1,H,99.500,Oui,Yes,Fibre,6822.150,Month-to-month,1,Credit card (automatic),66,Yes
FBXNK10648,1,0,1,H,19.850,Oui,No,Non,19.850,One year,0,Credit card (automatic),1,No
ARFOY31973,0,1,0,F,105.000,Oui,No,Fibre,2007.250,Month-to-month,1,Mailed check,19,No
VCTXJ87177,0,0,0,H,19.550,Oui,No,Non,839.400,One year,1,Mailed check,42,No
DSMXK49474,1,0,1,H,97.700,Oui,Yes,Fibre,3410.000,Month-to-month,1,Bank transfer (automatic),34,No
NUVZD46148,0,0,0,F,81.100,Oui,No,Fibre,81.100,Month-to-month,1,Electronic check,1,Yes
VDZHY29255,1,0,1,H,88.700,Oui,Yes,ADSL,6501.350,Two year,0,Credit card (automatic),72,No
DVYGA72976,0,0,0,F,19.850,Oui,No,Non,996.950,One year,1,Bank transfer (automatic),51,No
BNWKF05338,1,1,0,F,85.450,Oui,Yes,Fibre,4874.700,Month-to-month,1,Electronic check,55,Yes
EQISJ60971,1,0,1,F,102.450,Oui,Yes,Fibre,6615.150,One year,1,Credit card (automatic),66,Yes
DCFFZ62675,1,1,0,F,90.050,Oui,Yes,Fibre,2627.200,Month-to-month,1,Electronic check,30,No
INRQV59137,1,1,0,H,90.150,Oui,No,Fibre,3128.800,One year,0,Mailed check,34,No
SLHPM55366,1,0,0,F,77.750,Oui,Yes,Fibre,4458.150,Month-to-month,1,Electronic check,55,Yes
YAUVY68388,0,0,0,F,95.100,Oui,Yes,Fibre,5064.850,Two year,1,Bank transfer (automatic),54,No
CTTLA46288,0,0,0,H,39.300,Non,No phone service,ADSL,2111.450,Month-to-month,1,Electronic check,57,Yes
BDVFH18675,1,0,1,H,74.350,Oui,Yes,Fibre,834.200,Month-to-month,1,Electronic check,11,Yes
FXCYS38455,0,0,0,H,19.650,Oui,No,Non,31.200,Month-to-month,1,Electronic check,2,No
DWFIO32236,0,1,0,H,69.350,Oui,No,Fibre,261.650,Month-to-month,0,Electronic check,4,No
JFODW35698,1,0,1,F,90.950,Oui,Yes,ADSL,6652.450,Two year,0,Credit card (automatic),72,No
TDYUO04423,1,0,0,H,20.050,Oui,No,Non,1036.000,Two year,1,Mailed check,48,No
NSXEM95349,0,0,0,H,20.650,Oui,No,Non,595.500,One year,1,Credit card (automatic),26,No
ZTTWP53849,1,0,1,F,19.800,Oui,No,Non,272.950,Month-to-month,0,Mailed check,15,No
UARKJ92745,0,0,0,F,83.200,Oui,No,Fibre,1130.000,Month-to-month,1,Bank transfer (automatic),15,No
KTTTA13479,1,0,0,H,102.450,Oui,No,Fibre,6654.100,One year,1,Credit card (automatic),64,No
JKADZ08354,0,0,0,F,111.250,Oui,Yes,Fibre,7984.150,Two year,1,Electronic check,71,No
FFVVH99687,0,0,0,H,68.800,Oui,Yes,ADSL,4111.350,One year,0,Bank transfer (automatic),63,No
FEVNO23697,0,0,0,H,19.900,Oui,No,Non,19.900,Month-to-month,1,Mailed check,1,No
UQQUG79408,1,0,1,F,104.400,Oui,Yes,Fibre,6721.600,One year,1,Bank transfer (automatic),64,No
SKUOB57029,1,0,0,F,19.600,Oui,No,Non,93.450,Month-to-month,0,Mailed check,4,No
PHQXK36402,0,0,0,F,89.900,Oui,Yes,Fibre,2806.900,Month-to-month,1,Electronic check,31,Yes
NQECA31924,1,0,0,H,110.000,Oui,Yes,Fibre,7611.850,Two year,1,Bank transfer (automatic),68,Yes
BQWPQ40022,0,0,0,H,81.750,Oui,Yes,ADSL,2028.800,Month-to-month,0,Bank transfer (automatic),25,No
IBKSW41939,1,0,1,H,24.750,Oui,Yes,Non,1769.600,Two year,0,Bank transfer (automatic),72,No
XYJAE67849,0,0,0,F,55.800,Oui,Yes,ADSL,1941.500,One year,0,Electronic check,36,No
OQFRW19423,0,0,0,H,44.000,Oui,No,ADSL,44.000,Month-to-month,0,Electronic check,1,No
VVOLG32137,1,0,1,H,25.350,Oui,Yes,Non,,Two year,0,Mailed check,0,No
AUFQN28056,0,0,0,F,19.800,Oui,No,Non,475.200,Two year,0,Credit card (automatic),25,No
FIMXL94988,0,0,0,F,19.200,Oui,No,Non,161.950,One year,1,Mailed check,8,No
ATZYV30268,1,0,1,F,75.100,Oui,No,ADSL,2658.800,One year,0,Bank transfer (automatic),37,No
XFYGW63509,0,1,0,H,94.750,Oui,No,Fibre,422.400,Month-to-month,1,Electronic check,4,No
SZVEM64218,1,0,1,F,82.850,Oui,No,Fibre,2320.800,One year,1,Bank transfer (automatic),28,No
ASVVY25802,1,0,0,F,45.400,Non,No phone service,ADSL,1593.100,Two year,0,Electronic check,37,No
ADSMJ71404,0,0,0,H,20.450,Oui,No,Non,162.300,Month-to-month,1,Credit card (automatic),8,No
PLSTK52073,1,0,1,H,48.750,Oui,No,ADSL,48.750,Month-to-month,1,Mailed check,1,No
NVCRI03578,0,0,1,F,20.050,Oui,No,Non,471.700,Month-to-month,0,Credit card (automatic),25,No
ASGMA47355,0,0,0,H,98.350,Oui,Yes,Fibre,2515.300,Month-to-month,1,Electronic check,26,Yes
NRWYE17045,0,1,0,F,80.850,Oui,No,Fibre,751.650,Month-to-month,1,Electronic check,9,Yes
HCOHW46586,1,0,1,F,102.800,Oui,No,Fibre,2110.150,Month-to-month,1,Electronic check,21,Yes
FUTGF42832,0,1,0,H,79.850,Oui,Yes,Fibre,1471.750,Month-to-month,1,Electronic check,19,Yes
AUQZO47125,0,0,0,H,33.600,Non,No phone service,ADSL,550.350,Month-to-month,0,Mailed check,18,No
QJVFX03634,0,0,0,H,108.150,Oui,Yes,Fibre,3432.900,Month-to-month,1,Credit card (automatic),32,Yes
FWTTE12616,0,1,0,H,34.650,Non,No phone service,ADSL,768.450,Month-to-month,1,Bank transfer (automatic),23,No
DVAPM59065,1,0,1,F,75.000,Oui,Yes,ADSL,4213.900,One year,1,Credit card (automatic),55,No
GSZYK82347,0,0,0,H,26.450,Oui,Yes,Non,1110.050,Two year,0,Bank transfer (automatic),43,No
JBHOV48169,0,1,0,H,44.700,Oui,No,ADSL,93.700,Month-to-month,1,Electronic check,2,Yes
SRWBJ64357,0,0,0,F,82.750,Oui,Yes,Fibre,417.750,Month-to-month,1,Electronic check,5,No
SBVSU97152,1,0,1,H,61.400,Oui,No,ADSL,815.550,Two year,1,Bank transfer (automatic),14,No
KTIHG83138,0,0,0,H,61.300,Oui,No,ADSL,249.400,Month-to-month,1,Electronic check,4,No
JGDKK78787,0,0,0,H,44.550,Oui,No,ADSL,220.750,Month-to-month,0,Mailed check,4,No
TCUYN93679,0,0,0,F,20.100,Oui,No,Non,223.600,Month-to-month,0,Mailed check,12,No
PDUKM13342,1,0,0,F,86.450,Oui,Yes,Fibre,5762.950,One year,0,Credit card (automatic),68,No
WBIYX72491,1,0,0,H,85.600,Oui,Yes,Fibre,813.850,Month-to-month,1,Electronic check,10,Yes
JVSYA06917,1,0,0,F,94.850,Oui,No,Fibre,5000.200,One year,1,Bank transfer (automatic),53,Yes
DFQNQ32247,1,0,0,F,89.000,Oui,Yes,Fibre,5898.600,One year,0,Electronic check,66,No
XQWGU79565,0,0,0,H,19.400,Oui,No,Non,460.250,Month-to-month,1,Credit card (automatic),27,No
ECPJR89882,1,1,1,F,79.600,Oui,Yes,Fibre,2718.300,Month-to-month,1,Mailed check,34,Yes
AXVKM47064,0,1,0,F,84.800,Oui,Yes,Fibre,906.850,Month-to-month,1,Credit card (automatic),11,Yes
RDSJZ39138,1,0,0,F,25.550,Oui,Yes,Non,1714.950,Two year,0,Mailed check,64,No
DLSLK06201,0,0,0,F,81.900,Oui,No,Fibre,1028.900,Month-to-month,1,Mailed check,13,No
MJSLN30394,0,0,1,H,20.200,Oui,No,Non,50.600,Month-to-month,0,Bank transfer (automatic),3,No
ATKGB13075,0,0,0,H,89.550,Oui,No,Fibre,2187.150,Month-to-month,1,Electronic check,24,No
GSSXW60239,1,0,0,F,61.450,Oui,No,ADSL,4131.200,Two year,1,Credit card (automatic),69,No
MUUQK05641,1,0,1,F,95.500,Oui,Yes,Fibre,1916.200,Month-to-month,1,Bank transfer (automatic),20,No
MFAJN61377,0,0,0,F,44.800,Non,No phone service,ADSL,2104.550,Month-to-month,1,Electronic check,48,No
GVPEQ92061,1,0,0,H,54.450,Non,No phone service,ADSL,706.850,Month-to-month,1,Electronic check,13,Yes
PZMSN43955,0,1,0,H,85.550,Oui,No,Fibre,408.500,Month-to-month,1,Electronic check,5,No
ACWBI93894,1,0,1,F,69.950,Oui,No,Fibre,320.400,Month-to-month,0,Credit card (automatic),5,No
ERLNB87751,1,1,0,H,74.300,Oui,Yes,Fibre,74.300,Month-to-month,0,Electronic check,1,No
RKJIF95747,1,0,1,H,94.400,Oui,Yes,Fibre,2838.700,Month-to-month,1,Electronic check,30,Yes
WYOAW73151,0,0,0,H,100.750,Oui,Yes,Fibre,1313.250,Month-to-month,0,Electronic check,13,No
IYUUQ32141,1,0,0,F,93.700,Oui,No,Fibre,5860.700,One year,0,Bank transfer (automatic),61,No
LFJRU96184,0,0,0,F,20.450,Oui,No,Non,82.850,Month-to-month,0,Credit card (automatic),4,No
MFLUW41903,1,0,1,F,55.200,Oui,No,ADSL,528.350,Month-to-month,0,Credit card (automatic),10,Yes
WLKUW21504,1,0,0,F,63.900,Oui,Yes,ADSL,2635.000,One year,0,Bank transfer (automatic),40,No
ZTVYB61716,1,0,0,H,66.250,Oui,Yes,ADSL,2907.350,Month-to-month,0,Bank transfer (automatic),43,No
VHVEG75906,1,0,0,F,29.850,Non,No phone service,ADSL,29.850,Month-to-month,1,Electronic check,1,No
EJEGL51868,0,0,0,H,69.500,Oui,No,ADSL,653.250,Month-to-month,1,Mailed check,9,No
VFRLC55503,0,1,0,F,69.850,Oui,No,Fibre,69.850,Month-to-month,1,Electronic check,1,Yes
PZGAB11787,0,0,0,F,20.250,Oui,No,Non,383.650,One year,0,Credit card (automatic),19,No
JTUQI01961,0,0,0,F,75.200,Oui,Yes,Fibre,633.850,Month-to-month,1,Credit card (automatic),9,No
SIMNS42994,0,0,0,H,81.150,Oui,Yes,Fibre,784.450,Month-to-month,1,Electronic check,9,No
YGKFW08598,1,0,1,H,20.050,Oui,No,Non,345.900,One year,0,Bank transfer (automatic),18,No
PADAS47533,1,0,0,F,105.700,Oui,Yes,Fibre,6816.950,One year,1,Bank transfer (automatic),67,No
DIMPH36383,1,0,0,F,43.800,Oui,No,ADSL,592.650,One year,0,Electronic check,13,No
OFDBP67157,0,0,0,H,70.050,Oui,No,ADSL,346.400,Month-to-month,1,Electronic check,5,Yes
PXBAT01776,1,1,0,H,109.900,Oui,Yes,Fibre,3694.700,Month-to-month,1,Bank transfer (automatic),33,No
GHZEP12215,0,0,0,F,65.100,Oui,No,ADSL,3846.750,Two year,1,Mailed check,62,No
XKHMD88097,1,0,0,H,100.550,Oui,Yes,Fibre,7325.100,Two year,1,Bank transfer (automatic),72,No
WXLCH93675,0,0,0,H,84.500,Oui,Yes,Fibre,662.650,Month-to-month,0,Bank transfer (automatic),8,Yes
CFOCS19765,1,1,0,F,46.000,Oui,No,ADSL,46.000,Month-to-month,0,Electronic check,1,Yes
CHBFN22703,1,0,0,F,95.100,Oui,Yes,Fibre,4060.550,Month-to-month,1,Credit card (automatic),44,No
BOJKI20853,1,0,0,H,96.650,Oui,No,Fibre,1588.250,One year,1,Bank transfer (automatic),17,No
ERGBE96477,1,0,1,F,100.050,Oui,Yes,Fibre,3046.150,Month-to-month,1,Electronic check,30,Yes
SPLEF74809,1,0,1,H,26.000,Oui,Yes,Non,1796.550,Two year,1,Bank transfer (automatic),69,No
JIVPF78119,0,0,0,F,49.700,Oui,No,ADSL,1081.250,Month-to-month,0,Credit card (automatic),23,No
YDUVO62758,0,0,0,F,86.200,Oui,No,Fibre,178.700,Month-to-month,1,Mailed check,2,Yes
OZCZG76758,0,1,0,F,45.000,Oui,No,ADSL,127.100,Month-to-month,0,Electronic check,3,Yes
RLZVI49732,0,0,0,F,74.650,Oui,No,ADSL,2308.600,One year,0,Credit card (automatic),30,No
VJONK66506,0,0,0,H,43.850,Oui,No,ADSL,43.850,Month-to-month,1,Bank transfer (automatic),1,No
SDJRD27544,0,1,0,F,100.150,Oui,Yes,Fibre,908.550,Month-to-month,1,Credit card (automatic),8,No
SCGFC58162,0,1,0,F,51.300,Oui,No,ADSL,419.350,Month-to-month,1,Mailed check,7,No
FPVQN59822,1,0,1,F,95.150,Oui,Yes,Fibre,3532.850,Month-to-month,1,Electronic check,37,No
ZWLVI09619,0,0,1,H,109.200,Oui,Yes,Fibre,5290.450,One year,1,Credit card (automatic),49,No
WBBMB87317,1,0,0,F,81.900,Oui,No,ADSL,2078.550,Month-to-month,0,Bank transfer (automatic),26,No
QVLZD90195,0,0,0,F,79.550,Oui,No,Fibre,79.550,Month-to-month,0,Electronic check,1,Yes
MSNLK80854,1,0,0,F,113.950,Oui,Yes,Fibre,6891.400,Two year,0,Mailed check,62,No
NRNCA76097,0,0,0,F,19.550,Oui,No,Non,280.850,One year,0,Mailed check,17,No
KEPFY51197,1,0,0,H,95.000,Oui,Yes,Fibre,3440.250,Month-to-month,1,Bank transfer (automatic),36,No
KKSDU73219,0,0,1,H,20.500,Oui,No,Non,696.800,Two year,0,Mailed check,32,No
ZXXXL51734,0,0,0,H,19.950,Oui,No,Non,47.700,One year,0,Mailed check,2,No
FROLU46412,1,0,1,F,19.300,Oui,No,Non,602.900,Two year,0,Mailed check,30,No
BXVOQ13097,1,0,0,H,106.100,Oui,Yes,Fibre,2249.950,Month-to-month,1,Electronic check,21,Yes
URZQH77628,1,0,0,H,106.050,Oui,Yes,Fibre,6981.350,Two year,1,Credit card (automatic),66,Yes
GAUUY53018,0,0,0,H,80.350,Oui,Yes,Fibre,2596.150,Month-to-month,1,Bank transfer (automatic),32,Yes
YQSNZ40865,1,1,0,F,80.400,Oui,No,Fibre,224.050,Month-to-month,1,Electronic check,3,Yes
IMXXE69801,1,0,1,F,20.200,Oui,No,Non,1412.650,Two year,0,Bank transfer (automatic),69,No
KIELU98512,0,0,0,H,110.100,Oui,No,Fibre,1043.300,Month-to-month,1,Electronic check,10,Yes
GZCDC72069,0,1,0,F,69.250,Oui,No,Fibre,69.250,Month-to-month,1,Electronic check,1,Yes
YNHNV84131,0,0,0,H,90.650,Oui,Yes,ADSL,6322.100,Two year,0,Mailed check,69,No
DMZUI13749,0,1,0,F,94.300,Oui,Yes,Fibre,424.450,Month-to-month,1,Electronic check,4,Yes
LNLOJ15254,1,0,1,H,63.300,Oui,Yes,ADSL,4189.700,Two year,1,Bank transfer (automatic),66,No
DJQTB23466,0,0,0,F,24.150,Non,No phone service,ADSL,812.500,Month-to-month,0,Electronic check,35,No
DSWDF99272,1,0,0,H,104.600,Oui,No,Fibre,2180.550,Month-to-month,1,Electronic check,22,No
KFQEC10989,1,0,1,F,19.400,Oui,No,Non,1083.000,Two year,0,Credit card (automatic),55,No
APYLU60004,0,0,0,H,80.800,Oui,No,Fibre,713.100,Month-to-month,1,Electronic check,9,Yes
YNCJH16214,1,0,0,F,106.050,Oui,Yes,Fibre,3834.400,Two year,1,Credit card (automatic),36,No
OCPZO08187,0,1,0,H,81.450,Oui,Yes,Fibre,2122.050,Month-to-month,1,Electronic check,27,Yes
BRMNE50557,1,0,1,F,106.700,Oui,Yes,Fibre,7009.500,Two year,0,Credit card (automatic),67,No
BPDVR04067,1,1,0,F,101.500,Oui,Yes,Fibre,5373.100,One year,1,Credit card (automatic),54,Yes
MOZQI09797,1,0,0,H,39.000,Non,No phone service,ADSL,2337.450,Two year,1,Bank transfer (automatic),62,No
UOLQL62295,1,0,1,H,52.000,Non,No phone service,ADSL,2884.900,One year,1,Mailed check,56,No
HQDTW33312,0,0,0,F,109.800,Oui,Yes,Fibre,3587.250,Month-to-month,1,Mailed check,34,Yes
GFLBR30231,1,0,1,F,86.150,Oui,Yes,Fibre,2745.700,Month-to-month,0,Credit card (automatic),33,Yes
AFSSK53805,0,0,0,F,93.900,Oui,Yes,Fibre,486.850,Month-to-month,1,Mailed check,5,Yes
TTFYU60364,1,0,0,F,19.600,Oui,No,Non,314.450,Month-to-month,0,Mailed check,16,No
JGAAI46365,1,0,0,H,88.850,Oui,Yes,Fibre,3000.250,Month-to-month,0,Mailed check,34,No
ESZXP01932,1,1,0,F,105.500,Oui,No,Fibre,6205.500,One year,1,Credit card (automatic),58,Yes
ZMGMO80163,1,1,0,F,70.850,Oui,Yes,ADSL,4738.850,One year,1,Bank transfer (automatic),66,No
WKMIE83273,0,0,0,H,20.150,Oui,No,Non,785.750,One year,0,Credit card (automatic),37,No
XXZAM46475,1,0,1,F,45.500,Oui,No,ADSL,285.200,Month-to-month,0,Mailed check,6,No
JMMCV27532,0,0,0,H,74.200,Oui,Yes,ADSL,4805.650,Two year,1,Credit card (automatic),65,No
CHQRU03229,0,0,0,H,45.350,Oui,No,ADSL,89.500,Month-to-month,0,Electronic check,2,Yes
DSEWS77991,0,0,0,H,68.350,Oui,No,ADSL,1299.800,Month-to-month,1,Electronic check,18,No
CGBUZ22393,1,0,0,F,60.500,Oui,No,ADSL,3145.150,One year,1,Bank transfer (automatic),51,No
FEPBZ62783,0,0,0,F,20.250,Oui,No,Non,186.150,Month-to-month,0,Mailed check,9,No
NQCPY62156,0,0,0,H,99.700,Oui,Yes,Fibre,1566.750,Month-to-month,1,Electronic check,15,No
WDBXM04015,1,0,1,H,105.550,Oui,Yes,Fibre,7542.250,Two year,1,Bank transfer (automatic),72,No
JKNAE45733,0,0,1,H,19.350,Oui,No,Non,212.300,Two year,0,Bank transfer (automatic),12,No
QLUZP03438,0,0,0,H,39.600,Non,No phone service,ADSL,2424.500,Two year,0,Bank transfer (automatic),60,No
GGDWG68783,1,0,0,F,19.400,Oui,No,Non,641.150,Month-to-month,0,Bank transfer (automatic),32,No
DVNDC98408,0,0,0,H,80.500,Oui,No,Fibre,463.050,Month-to-month,1,Credit card (automatic),6,Yes
WFZSY03277,1,0,1,H,100.000,Oui,Yes,Fibre,3835.550,One year,0,Electronic check,39,No
UEZOX47701,0,0,0,H,74.750,Oui,No,Fibre,144.800,Month-to-month,1,Electronic check,2,No
BSWXX82315,0,0,0,H,79.050,Oui,Yes,Fibre,5552.500,One year,1,Credit card (automatic),71,No
FSSMF56737,0,0,0,F,60.150,Oui,Yes,ADSL,60.150,Month-to-month,1,Electronic check,1,Yes
OVPWV80861,0,0,0,H,80.200,Oui,No,Fibre,181.100,Month-to-month,1,Electronic check,2,Yes
NIAUV96809,1,0,1,F,109.700,Oui,Yes,Fibre,8129.300,Two year,0,Credit card (automatic),72,No
KYSAY19219,0,0,0,F,68.600,Oui,Yes,ADSL,2877.050,One year,1,Electronic check,41,No
GWGOW93347,1,1,0,H,74.850,Oui,Yes,Fibre,485.250,Month-to-month,1,Electronic check,7,No
YRBXD65226,1,1,0,H,94.550,Oui,Yes,Fibre,3365.400,Month-to-month,1,Electronic check,35,No
IMISP88191,0,0,0,H,80.450,Oui,Yes,Fibre,2429.100,Month-to-month,1,Electronic check,31,No
ODEVH46523,1,0,1,H,24.450,Oui,Yes,Non,1088.250,Two year,0,Mailed check,45,No
HFWSV02361,0,0,0,H,93.350,Oui,Yes,Fibre,1444.650,Month-to-month,1,Electronic check,15,Yes
ASHZJ58491,0,0,1,H,20.050,Oui,No,Non,552.900,One year,0,Credit card (automatic),27,No
LHTMA64863,1,1,0,F,90.700,Oui,Yes,Fibre,2835.500,One year,1,Electronic check,31,No
LPGTI41741,1,0,1,F,66.500,Oui,No,ADSL,2728.600,One year,1,Bank transfer (automatic),41,Yes
TRPFD73694,0,0,0,H,18.800,Oui,No,Non,279.200,One year,0,Mailed check,19,No
WIOLX62079,1,0,1,F,58.600,Non,No phone service,ADSL,1502.650,Month-to-month,1,Credit card (automatic),25,Yes
SGKCL59478,1,0,1,F,105.350,Oui,Yes,Fibre,1559.250,Month-to-month,1,Bank transfer (automatic),15,No
OOLTO05083,1,0,1,F,71.650,Oui,No,Fibre,135.750,Month-to-month,1,Electronic check,2,No
PNAGI81828,0,0,0,H,50.250,Oui,No,ADSL,593.750,Month-to-month,0,Bank transfer (automatic),12,Yes
XYMFH20707,0,1,0,F,79.350,Oui,Yes,Fibre,1835.300,Month-to-month,1,Mailed check,23,No
VWVGU35305,1,0,1,F,19.900,Oui,No,Non,400.300,Month-to-month,0,Mailed check,22,No
QNVAS02181,1,0,1,H,100.550,Oui,Yes,Fibre,7113.750,One year,0,Bank transfer (automatic),71,No
UMTRK77486,0,1,1,F,101.300,Oui,Yes,Fibre,2974.500,Month-to-month,1,Electronic check,30,No
QNOKA48474,0,0,0,F,44.900,Oui,No,ADSL,44.900,Month-to-month,1,Bank transfer (automatic),1,Yes
UXXVS55379,1,0,0,F,19.250,Oui,No,Non,375.250,Month-to-month,0,Bank transfer (automatic),20,No
MCYZG47278,0,0,0,H,55.550,Oui,No,ADSL,55.550,Month-to-month,0,Mailed check,1,No
RMNHO22112,1,0,1,F,85.300,Oui,Yes,ADSL,5560.000,Two year,0,Bank transfer (automatic),68,No
BCKYI30619,0,0,0,H,19.900,Oui,No,Non,283.750,Month-to-month,0,Mailed check,14,No
JCOLN44641,1,0,1,H,19.850,Oui,No,Non,35.900,One year,0,Mailed check,2,Yes
IMVYU74599,0,0,0,H,69.950,Oui,Yes,ADSL,2657.550,Month-to-month,0,Electronic check,38,No
PRHFK89698,0,0,0,H,19.650,Oui,No,Non,411.250,One year,0,Mailed check,18,No
EENBN15503,0,0,0,F,104.350,Oui,Yes,Fibre,3205.600,Month-to-month,0,Electronic check,31,No
IJNDK86198,1,0,1,F,64.050,Oui,No,ADSL,4492.900,Two year,0,Credit card (automatic),71,No
GMVQO07955,1,0,0,H,109.900,Oui,Yes,Fibre,7332.400,One year,0,Credit card (automatic),67,No
KXAPS39673,1,0,0,H,92.300,Oui,Yes,ADSL,6719.900,Two year,0,Credit card (automatic),72,No
NJYBX37575,1,1,0,H,106.350,Oui,Yes,Fibre,3520.750,Month-to-month,0,Bank transfer (automatic),32,Yes
QOQTK29517,0,0,1,H,80.800,Oui,Yes,Fibre,332.450,Month-to-month,0,Credit card (automatic),4,Yes
CANVH11836,1,0,0,F,60.000,Oui,No,ADSL,1347.150,One year,0,Bank transfer (automatic),23,No
HQWJU75207,1,0,1,F,67.450,Oui,Yes,ADSL,4508.650,Month-to-month,1,Bank transfer (automatic),66,No
ILGWO28836,0,1,0,H,104.900,Oui,Yes,Fibre,5913.950,Month-to-month,1,Bank transfer (automatic),57,No
CXOTM07258,0,0,0,F,89.650,Oui,Yes,ADSL,3348.100,One year,1,Credit card (automatic),36,No
WQDRE30583,0,0,0,H,25.150,Non,No phone service,ADSL,331.850,Month-to-month,1,Bank transfer (automatic),13,No
GJJIQ89313,0,0,0,F,83.300,Oui,Yes,Fibre,803.300,Month-to-month,1,Electronic check,9,Yes
OBWQR67865,1,0,1,F,80.850,Oui,No,Fibre,356.100,Month-to-month,1,Electronic check,5,No
OGYTD29908,1,0,0,F,86.150,Oui,Yes,ADSL,5883.850,Two year,0,Bank transfer (automatic),67,No
YPQFJ58756,0,0,0,H,69.900,Oui,No,Fibre,69.900,Month-to-month,1,Electronic check,1,Yes
MIIZL29841,0,0,0,H,74.800,Oui,No,Fibre,321.900,Month-to-month,1,Bank transfer (automatic),4,Yes
CBBOM66538,0,0,0,F,70.300,Oui,No,Fibre,70.300,Month-to-month,1,Electronic check,1,Yes
DGXPZ24844,1,0,1,F,19.550,Oui,No,Non,658.950,Month-to-month,1,Mailed check,31,Yes
RZNME75876,0,0,0,H,43.300,Oui,No,ADSL,123.650,Month-to-month,1,Electronic check,3,Yes
ONCAR38552,1,0,1,F,78.900,Oui,No,Fibre,299.750,Month-to-month,1,Mailed check,4,No
PHWON21055,1,0,0,F,95.000,Oui,Yes,Fibre,3008.150,Month-to-month,1,Credit card (automatic),33,No
WGCIR45342,1,0,1,F,25.150,Oui,Yes,Non,1509.900,Two year,0,Credit card (automatic),58,No
LMFLX88158,1,0,1,H,25.400,Oui,Yes,Non,546.850,Month-to-month,1,Bank transfer (automatic),25,No
ZRDBZ84438,0,0,0,H,76.050,Oui,Yes,Fibre,318.900,Month-to-month,1,Electronic check,4,Yes
MQJTP15911,1,1,0,H,93.650,Oui,Yes,Fibre,4839.150,One year,1,Bank transfer (automatic),51,No
DTODC15595,0,0,0,H,25.150,Non,No phone service,ADSL,468.350,Month-to-month,1,Bank transfer (automatic),19,No
JOJAI30949,0,0,0,H,74.150,Oui,Yes,Fibre,1387.000,Month-to-month,0,Mailed check,18,No
VDUDS56503,0,0,0,F,24.250,Non,No phone service,ADSL,96.050,Month-to-month,1,Mailed check,4,Yes
IZETN30962,0,0,0,F,78.100,Oui,No,Fibre,947.300,Month-to-month,0,Bank transfer (automatic),12,Yes
YRILK32548,0,1,0,H,88.200,Oui,Yes,Fibre,1775.800,Month-to-month,1,Electronic check,19,Yes
ZGGAW78133,0,1,0,H,96.600,Oui,Yes,Fibre,2877.950,Month-to-month,1,Bank transfer (automatic),31,No
OZRIO57566,1,1,0,H,64.050,Oui,Yes,ADSL,3902.600,One year,0,Bank transfer (automatic),61,No
DJTSV10165,0,1,0,H,69.700,Oui,No,Fibre,572.850,Month-to-month,1,Electronic check,8,No
HMGYF52042,1,0,1,F,87.200,Oui,No,ADSL,4345.000,One year,1,Mailed check,49,No
LVWZB36692,0,0,0,H,51.000,Non,No phone service,ADSL,305.950,Month-to-month,1,Mailed check,5,Yes
GVSIL25775,1,0,1,H,73.450,Oui,Yes,ADSL,2661.100,One year,1,Bank transfer (automatic),35,No
VVSGW14449,1,0,0,H,115.650,Oui,Yes,Fibre,7968.850,One year,0,Credit card (automatic),70,Yes
JPRRN54196,0,0,0,H,101.450,Oui,Yes,Fibre,101.450,Month-to-month,1,Electronic check,1,Yes
KKSLS46738,0,0,0,F,87.600,Oui,No,Fibre,2724.250,Month-to-month,0,Electronic check,31,No
NIHPT44413,0,1,0,F,74.300,Oui,No,Fibre,940.350,Month-to-month,1,Electronic check,13,Yes
IKYZQ33155,1,0,1,H,50.800,Non,No phone service,ADSL,1386.800,One year,0,Mailed check,28,No
DLWQN47269,0,1,0,H,70.350,Oui,Yes,ADSL,3454.600,Month-to-month,1,Bank transfer (automatic),50,No
KEVRP26829,0,1,0,F,20.050,Oui,No,Non,417.000,One year,1,Mailed check,22,No
AWNAU47303,1,0,1,H,60.700,Non,No phone service,ADSL,2234.550,One year,0,Credit card (automatic),36,No
LDKFL85641,1,0,0,H,106.000,Oui,Yes,Fibre,4178.650,One year,1,Bank transfer (automatic),40,No
IDVPU30972,1,0,1,H,50.100,Oui,Yes,ADSL,910.450,Month-to-month,0,Credit card (automatic),19,No
KLZAR57297,1,0,1,F,80.850,Oui,No,Fibre,302.750,Month-to-month,0,Electronic check,4,Yes
TWCAU63529,0,0,0,F,86.450,Oui,Yes,Fibre,3029.100,Month-to-month,1,Electronic check,35,Yes
OKETD82635,0,0,0,F,68.900,Oui,Yes,ADSL,1370.350,Month-to-month,1,Credit card (automatic),20,No
OXETB66989,0,0,0,H,20.400,Oui,No,Non,231.450,Two year,0,Mailed check,11,No
CIBHB45379,1,0,1,F,20.250,Oui,No,Non,172.350,One year,0,Mailed check,9,No
JCNZS32301,1,0,1,F,99.000,Oui,Yes,Fibre,7061.650,Two year,1,Credit card (automatic),71,No
UXOVO10438,0,0,0,F,113.150,Oui,Yes,Fibre,7993.300,Two year,1,Credit card (automatic),71,No
YOQBQ34109,0,0,0,F,79.200,Oui,No,ADSL,2497.200,Two year,0,Mailed check,31,No
DKEBR83755,0,1,0,F,69.600,Oui,No,Fibre,69.600,Month-to-month,1,Electronic check,1,Yes
OEBEY45086,1,0,0,H,75.500,Oui,No,ADSL,2424.450,One year,1,Credit card (automatic),31,No
ONTOV01516,0,0,0,F,70.900,Oui,No,Fibre,70.900,Month-to-month,0,Mailed check,1,Yes
GCYMI58845,0,0,0,H,69.400,Oui,No,Fibre,69.400,Month-to-month,0,Mailed check,1,Yes
HBJHH43556,1,0,1,H,79.700,Oui,Yes,ADSL,5293.400,Two year,1,Electronic check,67,Yes
UBQFS96993,1,1,0,F,94.500,Oui,Yes,Fibre,4156.800,Month-to-month,1,Electronic check,43,No
UYUQS76587,1,1,0,H,86.550,Oui,No,Fibre,1857.250,Month-to-month,0,Bank transfer (automatic),21,No
TINQT42208,1,0,0,F,106.350,Oui,Yes,Fibre,6751.350,Month-to-month,1,Electronic check,61,No
IRDHS71158,1,0,0,F,24.650,Oui,Yes,Non,1830.050,Two year,0,Bank transfer (automatic),72,No
WCWXT32832,1,0,1,H,25.400,Oui,Yes,Non,153.300,Two year,0,Mailed check,6,No
EJDOX17091,1,0,1,F,19.750,Oui,No,Non,948.900,Two year,0,Mailed check,47,No
KXYZN72442,0,0,0,F,20.450,Oui,No,Non,527.350,One year,0,Credit card (automatic),24,No
YAQAA97621,0,0,0,H,81.400,Oui,Yes,Fibre,3213.750,One year,0,Credit card (automatic),39,No
TSLAG27995,1,0,1,F,25.300,Oui,Yes,Non,1748.550,Two year,1,Bank transfer (automatic),65,No
KGSLC02353,0,0,0,F,85.550,Oui,No,Fibre,85.550,Month-to-month,1,Credit card (automatic),1,Yes
YLNTD97415,0,0,0,H,87.950,Oui,Yes,Fibre,522.350,Month-to-month,1,Bank transfer (automatic),6,No
LGQCY37911,1,1,0,F,100.650,Oui,Yes,Fibre,5688.050,Month-to-month,1,Bank transfer (automatic),56,Yes
NVSQN58296,1,0,0,F,68.750,Oui,No,ADSL,1689.450,One year,1,Bank transfer (automatic),23,No
VLJMV65516,1,0,0,H,20.050,Oui,No,Non,679.000,Two year,0,Credit card (automatic),34,No
ZSLJM18666,0,0,0,H,20.500,Oui,No,Non,402.850,Month-to-month,0,Credit card (automatic),21,No
HMGPY08858,0,0,0,H,69.400,Oui,Yes,ADSL,4237.500,Two year,0,Bank transfer (automatic),62,No
JAMLX56563,0,0,0,H,19.850,Oui,No,Non,1253.650,Two year,0,Bank transfer (automatic),62,No
JMTTQ72457,0,0,0,F,111.500,Oui,Yes,Fibre,5703.250,One year,1,Electronic check,51,No
ZKVAF24462,1,0,0,H,56.800,Oui,Yes,ADSL,1074.650,Month-to-month,0,Credit card (automatic),18,No
CEBNN65991,0,0,0,F,73.950,Oui,No,Fibre,2524.450,Month-to-month,1,Credit card (automatic),34,Yes
DZLYR59987,1,0,0,F,94.350,Oui,Yes,Fibre,5703.000,Two year,1,Bank transfer (automatic),61,No
WOZCM42233,0,1,0,H,49.950,Oui,No,ADSL,107.100,Month-to-month,0,Mailed check,2,No
LTJNE49929,1,0,1,H,55.300,Oui,Yes,ADSL,3983.600,Two year,0,Bank transfer (automatic),72,No
ESFLK80085,1,0,0,F,110.500,Oui,No,Fibre,5835.500,One year,0,Electronic check,53,No
EDBPQ35699,0,0,0,F,84.350,Oui,Yes,Fibre,1938.050,Month-to-month,1,Electronic check,24,No
NSDOA35001,1,0,1,H,70.800,Oui,Yes,ADSL,4859.950,Two year,0,Credit card (automatic),68,No
ZCMCX85717,1,0,1,F,60.000,Non,No phone service,ADSL,2768.650,Two year,1,Credit card (automatic),47,No
YPGHK66862,0,1,0,H,85.500,Oui,No,Fibre,4042.300,Month-to-month,0,Mailed check,47,Yes
HDQHG71682,1,0,1,F,19.200,Oui,No,Non,702.900,Month-to-month,0,Bank transfer (automatic),36,No
VQXAM03105,0,0,0,H,19.850,Oui,No,Non,178.800,Month-to-month,0,Mailed check,9,No
WPXBT30969,1,0,1,F,100.700,Oui,Yes,Fibre,6018.650,One year,1,Credit card (automatic),61,No
EOFPT22343,1,0,0,H,79.350,Oui,No,ADSL,5753.250,Two year,1,Bank transfer (automatic),72,No
PPAXN64618,1,0,1,F,54.950,Oui,No,ADSL,1916.000,One year,1,Bank transfer (automatic),35,No
ILCYT28096,1,0,0,F,26.800,Oui,Yes,Non,733.550,One year,1,Mailed check,25,No
XCBDQ49581,0,1,0,H,101.400,Oui,Yes,Fibre,3496.300,Month-to-month,1,Electronic check,35,Yes
OMNJE59893,1,0,1,F,57.600,Non,No phone service,ADSL,1367.750,One year,0,Electronic check,24,No
YCUTE10434,1,0,0,H,25.150,Oui,Yes,Non,1327.150,Two year,1,Credit card (automatic),56,Yes
EYFXX74027,0,1,0,H,93.600,Oui,Yes,Fibre,2404.100,Month-to-month,1,Electronic check,26,No
JYWTO18134,1,0,0,F,80.450,Oui,Yes,Fibre,5737.600,Two year,0,Bank transfer (automatic),72,No
LMBHI70326,0,0,0,F,64.650,Oui,Yes,ADSL,2347.850,One year,0,Bank transfer (automatic),37,No
MYQKX91917,1,0,0,F,75.150,Oui,No,Fibre,496.900,Month-to-month,1,Bank transfer (automatic),7,Yes
AMORA11967,0,0,0,H,73.600,Oui,Yes,Fibre,520.000,Month-to-month,0,Electronic check,7,Yes
IYCGT05652,0,0,0,H,78.600,Oui,Yes,ADSL,5356.450,One year,1,Credit card (automatic),69,Yes
WOCMK81482,1,0,1,H,19.600,Oui,No,Non,125.000,Two year,0,Credit card (automatic),8,No
XSKYQ47767,1,0,1,F,30.250,Non,No phone service,ADSL,368.850,One year,0,Credit card (automatic),12,No
TBRZZ39358,1,0,1,H,25.700,Oui,Yes,Non,1110.500,One year,0,Mailed check,44,No
DPSIA91142,1,0,1,H,81.000,Oui,Yes,ADSL,5750.000,Two year,0,Credit card (automatic),72,No
ILDAL31437,0,0,0,H,94.450,Oui,Yes,Fibre,5124.600,Month-to-month,1,Electronic check,56,Yes
DVVSW19523,1,0,0,F,20.100,Oui,No,Non,184.400,One year,0,Mailed check,10,No
IKPYH38718,0,1,0,H,69.100,Oui,No,Fibre,69.100,Month-to-month,0,Electronic check,1,Yes
ZPKFI32098,1,0,1,H,54.250,Oui,Yes,ADSL,2538.200,Month-to-month,0,Electronic check,47,No
LAMOB46253,0,0,0,H,20.400,Oui,No,Non,905.550,Two year,0,Credit card (automatic),44,No
BMCLM98373,0,0,0,H,78.500,Oui,No,Fibre,242.050,Month-to-month,1,Electronic check,3,Yes
OGPJL40806,0,0,0,F,71.150,Oui,Yes,ADSL,563.650,Month-to-month,0,Electronic check,8,Yes
LHDYT07873,0,0,0,H,20.600,Oui,No,Non,330.250,Month-to-month,1,Credit card (automatic),16,No
MVJCD30711,1,0,1,H,82.300,Oui,Yes,ADSL,5815.150,Two year,0,Bank transfer (automatic),72,No
GKXMW78252,0,0,0,F,45.800,Oui,No,ADSL,45.800,Month-to-month,0,Electronic check,1,Yes
NNFWD67261,1,1,0,F,89.450,Oui,No,Fibre,6435.250,Two year,0,Credit card (automatic),71,No
PTRYM58206,1,1,0,F,68.450,Oui,Yes,ADSL,4014.000,One year,1,Credit card (automatic),56,No
RDVIG77856,1,0,1,F,19.300,Oui,No,Non,54.700,Month-to-month,0,Mailed check,3,No
IFUVM07743,1,0,1,H,65.150,Oui,Yes,ADSL,723.350,Month-to-month,1,Bank transfer (automatic),11,No
PJOCK20543,0,0,0,F,80.550,Oui,Yes,ADSL,4847.050,One year,0,Credit card (automatic),60,No
HKSBS77894,1,1,0,F,105.200,Oui,Yes,Fibre,4599.150,One year,1,Bank transfer (automatic),42,No
LADHQ66294,0,0,0,F,50.950,Oui,No,ADSL,123.050,Month-to-month,0,Mailed check,2,No
TQOZW13854,0,0,0,F,20.450,Oui,No,Non,147.550,Month-to-month,1,Credit card (automatic),9,No
VOQCH14529,0,0,0,H,75.100,Oui,Yes,Fibre,75.100,Month-to-month,1,Electronic check,1,No
XACET02987,1,0,1,H,50.200,Non,No phone service,ADSL,2554.000,Two year,0,Mailed check,52,No
DVOIQ70288,0,1,0,H,99.050,Oui,Yes,Fibre,3395.800,Month-to-month,1,Electronic check,35,Yes
PRTNT56163,0,0,1,H,19.400,Oui,No,Non,374.500,Month-to-month,1,Electronic check,20,Yes
LSYCE37332,1,0,0,F,75.350,Oui,No,Fibre,1114.550,Month-to-month,0,Bank transfer (automatic),15,No
VOFYX94321,0,0,0,H,70.800,Oui,No,Fibre,1207.000,Month-to-month,1,Electronic check,17,No
KRXXO60321,0,0,0,H,90.250,Oui,No,Fibre,2755.350,Month-to-month,1,Electronic check,30,Yes
IMKZG13936,0,0,0,F,95.850,Oui,No,Fibre,95.850,Month-to-month,1,Electronic check,1,No
IESCP01953,1,0,0,H,85.250,Oui,Yes,Fibre,855.300,Month-to-month,1,Electronic check,10,Yes
UXTPG75621,0,0,0,F,70.150,Oui,No,Fibre,886.700,Month-to-month,1,Mailed check,13,No
TABEH26565,1,0,0,H,100.200,Oui,Yes,Fibre,420.200,Month-to-month,1,Electronic check,4,Yes
PDADH20558,0,1,0,F,70.400,Oui,No,Fibre,204.700,Month-to-month,1,Electronic check,3,Yes
WFBHU28903,0,0,0,F,79.850,Oui,Yes,ADSL,4786.100,One year,0,Credit card (automatic),59,No
GNYDG65514,1,0,1,F,80.900,Oui,No,Fibre,1152.800,Month-to-month,1,Bank transfer (automatic),14,No
DZUOY26721,0,0,0,H,25.150,Non,No phone service,ADSL,25.150,Month-to-month,1,Electronic check,1,Yes
HVGBG71427,1,1,0,H,103.000,Oui,Yes,Fibre,4414.300,Month-to-month,1,Electronic check,43,Yes
FOKWR45467,0,0,0,F,74.750,Oui,Yes,Fibre,1129.350,Month-to-month,1,Credit card (automatic),16,No
GIDIT63132,0,1,0,H,54.450,Non,No phone service,ADSL,2854.550,Month-to-month,1,Electronic check,53,Yes
YHXGG44303,0,0,1,F,25.450,Oui,Yes,Non,84.200,Month-to-month,1,Mailed check,4,No
CBVOE51465,0,0,0,F,75.100,Oui,No,Fibre,1212.850,Month-to-month,0,Bank transfer (automatic),16,No
GSATL96199,0,0,0,F,55.450,Oui,No,ADSL,2444.250,One year,0,Electronic check,43,No
ELEHO88087,0,1,0,H,81.250,Oui,Yes,Fibre,585.950,Month-to-month,1,Electronic check,8,Yes
UMGQA96443,1,0,1,H,49.150,Oui,No,ADSL,295.650,Month-to-month,1,Electronic check,6,No
TZDGH88539,0,0,0,F,111.600,Oui,Yes,Fibre,8012.750,Two year,1,Bank transfer (automatic),72,No
WRNGR39992,1,0,1,F,49.750,Non,No phone service,ADSL,3069.450,Month-to-month,1,Electronic check,60,No
ARZLG29237,1,0,1,H,19.700,Oui,No,Non,,One year,1,Mailed check,0,No
OPBXW08712,0,0,0,F,20.050,Oui,No,Non,39.250,Month-to-month,1,Mailed check,2,No
HKOVS96916,1,0,0,F,90.150,Oui,Yes,ADSL,4916.950,One year,1,Electronic check,55,No
VERSM14276,1,0,0,F,98.700,Oui,No,Fibre,5669.500,Month-to-month,1,Electronic check,56,No
PHBTI12989,1,0,1,H,84.800,Oui,Yes,Fibre,6152.400,Two year,1,Electronic check,71,No
EKDPQ46627,0,0,0,H,62.050,Oui,Yes,ADSL,118.300,Month-to-month,0,Bank transfer (automatic),2,Yes
RCVNS62615,0,0,0,F,73.900,Oui,No,ADSL,3160.550,One year,0,Credit card (automatic),42,Yes
LMSQS69461,1,1,0,H,89.050,Oui,Yes,Fibre,2177.450,One year,1,Electronic check,25,Yes
RMJIK20752,1,0,1,F,49.400,Oui,No,ADSL,232.550,Month-to-month,1,Mailed check,5,No
ZKPAI32588,1,0,1,H,116.600,Oui,Yes,Fibre,8337.450,Two year,1,Bank transfer (automatic),72,No
XFEHK93696,1,1,0,F,80.600,Oui,Yes,Fibre,2656.500,Month-to-month,1,Bank transfer (automatic),33,Yes
IQCTX35365,1,1,0,H,85.300,Oui,Yes,Fibre,2661.100,Month-to-month,0,Electronic check,32,Yes
IMQOS87527,1,0,1,H,20.100,Oui,No,Non,85.100,One year,0,Mailed check,5,No
OWRHQ98505,1,0,0,F,74.100,Oui,Yes,Fibre,228.000,Month-to-month,1,Credit card (automatic),3,Yes
VULGZ01966,1,1,0,F,84.350,Oui,Yes,Fibre,474.900,Month-to-month,1,Electronic check,6,Yes
RNCJT57481,0,0,0,H,106.500,Oui,Yes,Fibre,7348.800,Two year,1,Bank transfer (automatic),69,Yes
XUTSN09284,0,0,0,F,80.500,Oui,No,Fibre,1011.800,Month-to-month,1,Electronic check,13,No
YKYTC76111,1,0,1,H,75.000,Oui,No,Fibre,1573.950,Month-to-month,0,Bank transfer (automatic),22,No
KNFAJ09164,1,0,0,H,69.900,Oui,Yes,ADSL,4226.700,Two year,1,Mailed check,61,No
BMBTJ20457,0,1,0,F,59.450,Non,No phone service,ADSL,1884.650,Month-to-month,1,Bank transfer (automatic),33,No
LVHGK04714,1,0,0,H,73.000,Oui,Yes,ADSL,3001.200,One year,1,Electronic check,41,Yes
KSVVJ19504,1,0,0,F,113.300,Oui,Yes,Fibre,5032.250,One year,0,Mailed check,45,No
BEKZM15685,1,1,0,H,90.050,Oui,Yes,ADSL,6333.400,Two year,0,Credit card (automatic),70,No
ESFUW34006,1,0,1,H,57.550,Oui,No,ADSL,3046.400,Two year,0,Bank transfer (automatic),55,Yes
YKGXB97466,1,0,1,H,44.250,Non,No phone service,ADSL,2276.100,One year,0,Bank transfer (automatic),52,No
AVWCY63387,0,0,0,H,40.150,Non,No phone service,ADSL,130.750,Month-to-month,1,Mailed check,3,Yes
RVDTZ71367,0,1,0,H,45.250,Non,No phone service,ADSL,3264.450,One year,1,Electronic check,70,Yes
ZUVBH51412,0,0,1,F,93.000,Oui,No,Fibre,870.250,Month-to-month,0,Bank transfer (automatic),9,No
YIQQA87796,1,0,1,H,19.800,Oui,No,Non,350.100,One year,0,Mailed check,21,No
TSOFF48778,1,0,1,F,75.750,Oui,Yes,ADSL,4264.250,One year,1,Bank transfer (automatic),55,No
UNCIP03035,0,0,0,H,65.000,Oui,Yes,ADSL,2531.800,One year,0,Mailed check,41,No
QXWWE64856,0,0,1,F,26.000,Oui,Yes,Non,1638.700,Two year,0,Bank transfer (automatic),62,No
RYATB66186,0,0,0,F,79.550,Oui,Yes,Fibre,79.550,Month-to-month,1,Mailed check,1,Yes
RDDLZ78721,0,1,0,F,54.900,Oui,Yes,ADSL,3725.500,Month-to-month,0,Electronic check,67,No
PWQVC91997,1,0,0,F,79.700,Oui,Yes,ADSL,4786.150,One year,1,Credit card (automatic),63,No
TKNYO69922,1,0,0,H,69.000,Oui,Yes,ADSL,2669.450,One year,0,Credit card (automatic),38,No
JHPFW02146,1,0,0,F,57.800,Non,No phone service,ADSL,4039.300,Two year,0,Bank transfer (automatic),70,No
CDOGY93131,1,0,1,H,19.600,Oui,No,Non,717.300,Month-to-month,0,Electronic check,38,No
KYRCV66373,1,0,1,F,30.500,Non,No phone service,ADSL,167.200,Month-to-month,1,Electronic check,5,No
MNKLV35214,0,0,0,H,49.700,Oui,No,ADSL,1167.800,Month-to-month,1,Mailed check,24,No
NNHNY46525,1,0,0,H,73.850,Oui,Yes,Fibre,1284.200,Month-to-month,1,Bank transfer (automatic),16,Yes
CVMDX54725,0,0,0,F,38.900,Non,No phone service,ADSL,2719.200,Two year,0,Mailed check,68,No
FZBJK83845,1,0,1,F,100.600,Oui,Yes,Fibre,5611.700,Month-to-month,1,Electronic check,57,No
LBNQL25196,1,1,0,H,104.350,Oui,Yes,Fibre,6339.450,One year,1,Electronic check,60,No
MMKGR20656,0,0,0,F,71.000,Oui,Yes,ADSL,2080.100,One year,1,Credit card (automatic),29,No
ORFBO00023,1,0,1,F,65.600,Oui,No,ADSL,593.300,One year,1,Mailed check,9,No
VNFKL29613,1,0,0,F,25.950,Oui,Yes,Non,1801.900,Two year,1,Credit card (automatic),71,No
GCYEC60387,0,0,0,F,54.150,Non,No phone service,ADSL,1240.250,Month-to-month,1,Credit card (automatic),24,Yes
DKWBL00673,0,1,0,H,49.250,Oui,No,ADSL,91.100,Month-to-month,1,Electronic check,2,Yes
ETQDK28045,0,0,1,H,20.550,Oui,No,Non,1357.100,Two year,0,Mailed check,66,No
DQHEW08952,1,0,0,H,104.300,Oui,Yes,Fibre,5278.150,Month-to-month,1,Electronic check,54,Yes
GZHZE92394,1,0,0,F,113.650,Oui,Yes,Fibre,8124.200,Two year,1,Credit card (automatic),72,No
FPMOF12411,0,0,0,H,19.650,Oui,No,Non,1025.050,Two year,0,Mailed check,52,No
TCZHQ66895,0,1,0,F,78.950,Oui,No,Fibre,378.400,Month-to-month,0,Electronic check,5,Yes
FUREZ48256,1,0,0,H,20.250,Oui,No,Non,835.500,Two year,0,Electronic check,42,No
JOSRX49591,1,0,0,F,44.600,Oui,No,ADSL,80.550,Month-to-month,1,Credit card (automatic),2,Yes
GTBJJ14282,0,0,0,H,74.550,Oui,No,Fibre,824.750,Month-to-month,1,Electronic check,11,Yes
GYZJC91709,1,0,1,F,79.900,Oui,Yes,ADSL,3326.200,Month-to-month,0,Credit card (automatic),41,Yes
ZVLCL86907,1,0,1,F,88.000,Oui,Yes,ADSL,6161.900,Two year,0,Credit card (automatic),68,No
JTMUL58892,1,1,0,F,95.050,Oui,Yes,Fibre,4888.700,Month-to-month,1,Electronic check,50,Yes
KTUMW43078,1,0,0,H,93.900,Oui,Yes,Fibre,5029.200,Month-to-month,0,Electronic check,53,Yes
XIKAE59491,1,0,1,F,83.550,Oui,No,Fibre,680.050,Month-to-month,1,Electronic check,8,Yes
ADBRC58029,1,0,0,F,104.400,Oui,Yes,Fibre,5232.900,One year,1,Mailed check,50,No
CTOUZ43663,0,0,0,F,100.200,Oui,No,Fibre,5038.450,Two year,1,Mailed check,50,No
RJYIG18493,0,0,0,F,60.000,Oui,No,ADSL,487.750,Month-to-month,1,Electronic check,8,No
OKOMC67134,0,0,0,F,29.750,Non,No phone service,ADSL,301.900,Month-to-month,0,Mailed check,10,No
LUGUK84508,1,0,1,F,24.100,Oui,Yes,Non,861.850,Two year,1,Bank transfer (automatic),37,No
LGXMC97827,1,0,1,F,61.750,Oui,No,ADSL,3024.150,Month-to-month,0,Bank transfer (automatic),49,No
FYSYG10494,1,0,0,F,35.650,Non,No phone service,ADSL,646.050,Month-to-month,1,Credit card (automatic),17,No
PPTJY54421,1,0,1,H,19.700,Oui,No,Non,258.350,Two year,0,Mailed check,12,No
JDNQG03203,1,0,1,H,99.850,Oui,No,Fibre,2331.300,Month-to-month,1,Electronic check,23,Yes
YOLAC66144,1,0,1,F,58.650,Non,No phone service,ADSL,4145.250,Two year,0,Mailed check,71,No
PRFDV87221,1,0,1,F,77.550,Oui,No,ADSL,5574.350,Two year,0,Credit card (automatic),71,No
NJVDP70306,1,0,0,H,89.250,Oui,No,Fibre,2210.200,Month-to-month,1,Electronic check,24,No
MVMGC06076,1,0,1,H,78.750,Oui,Yes,ADSL,3600.650,One year,0,Credit card (automatic),45,No
YGPKE25414,1,0,1,H,63.700,Oui,No,ADSL,2763.350,One year,0,Credit card (automatic),42,No
TUSXH96923,0,0,0,F,96.050,Oui,No,Fibre,1740.700,Month-to-month,1,Electronic check,18,Yes
CVPDX49226,1,0,0,F,73.500,Oui,No,ADSL,1905.700,Two year,1,Credit card (automatic),26,No
CSKKM17502,0,0,1,H,55.350,Oui,No,ADSL,449.750,Month-to-month,0,Electronic check,9,Yes
BQDMA17284,0,0,0,F,44.450,Oui,No,ADSL,82.700,Month-to-month,0,Electronic check,2,No
AFHAB75218,1,0,1,F,44.800,Oui,No,ADSL,220.450,Month-to-month,0,Mailed check,5,No
YWPDW58686,1,1,0,H,84.200,Oui,No,Fibre,519.150,Month-to-month,1,Electronic check,6,Yes
REHCS13205,0,1,0,H,110.750,Oui,Yes,Fibre,5832.000,Month-to-month,1,Electronic check,52,No
BQXZE10237,0,0,0,H,74.350,Oui,No,ADSL,4317.350,Two year,1,Bank transfer (automatic),57,No
TRLPB58329,0,0,0,H,75.350,Oui,No,ADSL,2243.900,One year,1,Bank transfer (automatic),29,No
VQOGC39677,1,0,1,F,24.900,Oui,Yes,Non,1680.250,Two year,1,Mailed check,67,No
ACXBS96614,0,0,0,F,105.200,Oui,Yes,Fibre,4400.750,Month-to-month,1,Electronic check,42,Yes
BVFMK56025,0,0,0,F,19.300,Oui,No,Non,228.750,One year,0,Mailed check,12,No
SADQS43237,1,0,1,H,34.500,Non,No phone service,ADSL,279.250,Month-to-month,1,Electronic check,7,Yes
LNKHM15395,0,0,0,F,20.400,Oui,No,Non,266.600,Month-to-month,0,Mailed check,12,No
MCQTK74705,1,0,0,F,48.750,Non,No phone service,ADSL,633.400,Month-to-month,1,Bank transfer (automatic),13,Yes
RGMZO51362,0,0,0,H,71.050,Oui,Yes,ADSL,2168.150,Month-to-month,1,Electronic check,31,No
CPZMK65432,1,0,1,H,29.950,Non,No phone service,ADSL,248.950,Month-to-month,1,Electronic check,9,Yes
BUJXT96391,0,0,0,H,20.500,Oui,No,Non,1328.150,One year,0,Mailed check,63,No
GANIL78565,1,1,0,H,98.700,Oui,Yes,Fibre,4525.800,One year,1,Bank transfer (automatic),45,No
WNGVR44154,1,1,0,F,79.200,Oui,No,ADSL,943.850,One year,1,Electronic check,12,No
JHUZH34816,1,0,0,H,80.250,Oui,Yes,Fibre,3439.000,Month-to-month,1,Electronic check,41,No
YXOOG02784,0,0,0,H,21.050,Oui,No,Non,113.850,Month-to-month,0,Mailed check,5,Yes
JSCFE52274,1,1,0,H,46.350,Non,No phone service,ADSL,3353.400,Two year,0,Credit card (automatic),71,No
GPPIQ20915,1,0,1,F,78.950,Oui,Yes,ADSL,5730.150,Two year,1,Electronic check,72,No
YBLUR96431,1,0,0,H,69.050,Oui,Yes,ADSL,653.950,Month-to-month,1,Credit card (automatic),9,No
IPPBE94199,1,0,1,F,90.150,Oui,Yes,Fibre,4554.850,One year,1,Electronic check,51,No
KHUVI29243,1,0,0,H,100.550,Oui,Yes,Fibre,5514.950,One year,1,Electronic check,56,No
IFYUN04397,0,1,0,F,74.700,Oui,No,Fibre,1294.600,Month-to-month,1,Electronic check,18,No
EKXTS25872,0,0,0,H,111.500,Oui,Yes,Fibre,4915.150,Month-to-month,1,Electronic check,44,No
EIPZC66616,1,0,1,F,29.500,Non,No phone service,ADSL,1423.050,Month-to-month,1,Credit card (automatic),48,No
JYOJT57565,0,0,0,F,64.900,Oui,No,ADSL,697.250,One year,0,Credit card (automatic),11,No
FDWOY32594,1,0,1,H,106.000,Oui,Yes,Fibre,7723.700,Two year,1,Bank transfer (automatic),71,Yes
IVEVR14806,1,1,0,H,81.600,Oui,Yes,Fibre,2815.250,One year,1,Bank transfer (automatic),35,No
AAWZP80701,1,1,0,H,34.250,Non,No phone service,ADSL,828.200,Month-to-month,0,Mailed check,24,No
EWBQU20016,0,0,0,F,104.700,Oui,Yes,Fibre,6333.800,Two year,0,Electronic check,60,No
RMDHZ26068,0,0,0,H,30.500,Non,No phone service,ADSL,208.700,Month-to-month,1,Credit card (automatic),6,Yes
KZTSN56889,1,0,1,H,20.000,Oui,No,Non,288.050,Month-to-month,1,Electronic check,15,Yes
YHHRX59562,0,1,0,H,104.350,Oui,Yes,Fibre,2271.850,Month-to-month,1,Electronic check,21,No
VRERX65633,1,0,1,H,20.600,Oui,No,Non,690.250,One year,0,Mailed check,33,No
LCGGZ72438,0,0,0,F,20.900,Oui,No,Non,20.900,Month-to-month,0,Mailed check,1,No
XROBG37774,1,0,1,F,19.550,Oui,No,Non,1079.650,Two year,0,Credit card (automatic),58,No
NWSUP50811,0,0,0,F,64.900,Oui,No,ADSL,685.550,One year,0,Mailed check,10,No
BXVND54426,1,0,1,F,24.250,Oui,Yes,Non,838.500,Month-to-month,0,Bank transfer (automatic),33,No
RTZZA06129,0,1,0,F,25.250,Non,No phone service,ADSL,25.250,Month-to-month,0,Electronic check,1,Yes
MHMHY51032,0,0,1,F,45.950,Oui,No,ADSL,45.950,Month-to-month,0,Mailed check,1,Yes
NRGDP52694,1,0,1,H,73.150,Oui,No,ADSL,3088.250,One year,0,Electronic check,42,No
ZXYGU47819,1,0,1,H,20.150,Oui,No,Non,20.150,Month-to-month,1,Bank transfer (automatic),1,No
RFHOF09029,0,0,0,H,20.100,Oui,No,Non,730.100,One year,0,Mailed check,38,No
QACRS86018,0,0,0,F,50.600,Oui,Yes,ADSL,249.950,Month-to-month,1,Mailed check,5,Yes
RIITO57305,0,1,0,F,33.450,Non,No phone service,ADSL,1500.250,Month-to-month,1,Credit card (automatic),43,No
QPFJD81256,1,0,0,F,84.900,Oui,Yes,ADSL,6065.300,Two year,1,Bank transfer (automatic),72,No
OMFIW62706,1,0,0,H,94.400,Oui,No,Fibre,5610.250,One year,1,Electronic check,60,Yes
SPZSI38706,1,0,1,F,113.050,Oui,Yes,Fibre,7869.050,Two year,1,Credit card (automatic),70,No
GLDMH88736,0,0,0,F,73.850,Oui,Yes,Fibre,401.300,Month-to-month,1,Mailed check,6,No
LIBJC57166,0,0,1,F,104.150,Oui,Yes,Fibre,1299.100,One year,1,Credit card (automatic),13,No
NIJLP02246,1,0,1,H,20.150,Oui,No,Non,165.500,Two year,0,Mailed check,8,No
ZBURT47136,0,0,1,H,99.700,Oui,Yes,Fibre,4634.350,Two year,0,Bank transfer (automatic),45,No
MQAMG38708,1,0,0,F,110.350,Oui,Yes,Fibre,5893.150,One year,0,Electronic check,54,Yes
SAHFP35503,0,0,0,F,83.350,Oui,Yes,Fibre,2757.850,Month-to-month,1,Electronic check,33,Yes
UBQMV47003,1,0,1,H,75.900,Oui,Yes,ADSL,1549.750,One year,1,Bank transfer (automatic),21,No
BMPLR07276,0,1,0,F,100.000,Oui,Yes,Fibre,5509.300,One year,1,Electronic check,55,Yes
FHKBK36274,0,0,0,F,75.300,Oui,No,Fibre,75.300,Month-to-month,0,Mailed check,1,Yes
KZXOP91421,0,0,0,H,68.850,Oui,No,Fibre,2958.950,Month-to-month,0,Credit card (automatic),44,No
BDHPY59805,1,0,0,H,87.100,Oui,Yes,ADSL,6230.100,Two year,1,Bank transfer (automatic),72,No
LZMSV44188,1,0,1,H,61.800,Oui,No,ADSL,750.100,Month-to-month,0,Bank transfer (automatic),13,No
QBNAZ81236,1,0,1,F,104.500,Oui,Yes,Fibre,3684.950,Month-to-month,1,Credit card (automatic),36,No
KHMNA57431,0,0,0,H,25.550,Oui,Yes,Non,1898.100,Two year,0,Bank transfer (automatic),71,No
LKXBR07814,0,1,0,H,100.500,Oui,Yes,Fibre,918.600,Month-to-month,1,Electronic check,9,Yes
KGHOA99319,1,0,0,F,55.000,Oui,Yes,ADSL,2473.950,Month-to-month,0,Bank transfer (automatic),46,No
UGSUR71245,1,1,0,F,104.400,Oui,Yes,Fibre,6405.000,One year,1,Credit card (automatic),61,Yes
KRDTM53297,1,1,0,H,77.350,Oui,Yes,ADSL,5396.250,Two year,0,Credit card (automatic),72,No
VRZHF10248,1,0,0,H,74.950,Oui,Yes,Fibre,825.700,Month-to-month,1,Electronic check,11,Yes
EWFMI44823,0,0,0,F,69.700,Oui,No,Fibre,135.200,Month-to-month,1,Electronic check,2,No
NQSHS03663,0,0,0,H,19.350,Oui,No,Non,46.350,Month-to-month,0,Mailed check,2,No
STIVR87523,0,0,0,F,79.000,Oui,No,Fibre,303.150,Month-to-month,1,Electronic check,4,Yes
HMWBV88789,0,0,0,H,49.150,Oui,No,ADSL,169.050,Month-to-month,1,Electronic check,3,Yes
BDGHG67189,1,0,0,F,64.850,Oui,Yes,ADSL,2908.200,One year,1,Bank transfer (automatic),43,No
IPXVJ18303,1,0,1,F,19.750,Oui,No,Non,1311.600,Two year,0,Credit card (automatic),61,No
ATQQS74814,0,1,0,F,90.850,Oui,Yes,Fibre,4515.850,Month-to-month,1,Credit card (automatic),49,Yes
TVLFN27406,0,0,0,H,50.150,Oui,Yes,ADSL,50.150,Month-to-month,1,Electronic check,1,No
LGEQW70546,0,0,0,F,45.950,Oui,No,ADSL,45.950,Month-to-month,0,Mailed check,1,Yes
PNEOF31661,0,0,0,F,86.450,Oui,Yes,ADSL,5175.300,Two year,0,Credit card (automatic),61,No
HETAI45851,1,0,1,F,73.750,Oui,No,Fibre,325.450,Month-to-month,1,Electronic check,4,Yes
CASZJ08728,1,0,0,H,69.100,Oui,Yes,ADSL,4096.900,One year,1,Mailed check,59,No
VJUZB73964,1,0,1,H,45.250,Oui,No,ADSL,155.350,Month-to-month,0,Mailed check,4,No
OMVMY76442,1,0,1,H,19.850,Oui,No,Non,,Two year,0,Mailed check,0,No
MXBEO58478,0,0,0,H,20.300,Oui,No,Non,475.100,One year,0,Mailed check,22,No
TBIYD83982,0,0,0,F,84.700,Oui,Yes,Fibre,6185.150,Two year,1,Bank transfer (automatic),72,No
TIBIX25338,1,0,1,H,30.200,Non,No phone service,ADSL,469.650,Month-to-month,1,Bank transfer (automatic),15,No
AETCS07616,0,0,0,F,19.300,Oui,No,Non,19.300,Month-to-month,0,Electronic check,1,Yes
PJGGA14472,0,0,0,F,95.250,Oui,No,Fibre,5464.650,Two year,1,Electronic check,57,Yes
YDEUL68061,0,1,0,F,19.500,Oui,No,Non,106.800,Month-to-month,0,Bank transfer (automatic),6,No
FTHLT36882,0,0,0,F,63.050,Oui,Yes,ADSL,1067.050,Month-to-month,1,Bank transfer (automatic),16,No
IVJNU52021,0,0,1,F,30.100,Non,No phone service,ADSL,1131.300,Month-to-month,0,Credit card (automatic),39,Yes
EEBDC07547,1,0,1,H,19.900,Oui,No,Non,76.650,Two year,0,Mailed check,4,No
MTILT95721,1,0,0,H,106.750,Oui,Yes,Fibre,6252.900,Month-to-month,1,Electronic check,59,Yes
PNKNK01977,1,0,1,F,84.450,Oui,Yes,Fibre,5848.600,One year,0,Bank transfer (automatic),69,No
JYHOQ72179,1,0,1,H,70.300,Oui,No,ADSL,1706.450,Month-to-month,1,Credit card (automatic),24,No
LGYHQ80875,0,0,0,H,94.050,Oui,No,Fibre,811.650,Month-to-month,1,Electronic check,9,No
CINUD73374,1,0,1,F,19.500,Oui,No,Non,159.350,Two year,0,Bank transfer (automatic),8,No
HKTFG15775,1,0,0,F,19.650,Oui,No,Non,655.850,Month-to-month,0,Bank transfer (automatic),30,Yes
WMOFI81845,1,0,1,H,71.400,Oui,No,ADSL,4487.300,One year,0,Credit card (automatic),62,No
HHSHJ12932,0,0,0,F,21.100,Oui,No,Non,741.000,One year,0,Mailed check,35,No
PTVNS60512,1,0,1,F,19.150,Oui,No,Non,998.100,One year,0,Credit card (automatic),55,No
WFCSM39952,0,0,0,F,60.850,Oui,No,ADSL,111.400,Month-to-month,0,Electronic check,2,No
QXKBE92537,1,1,0,H,94.450,Oui,Yes,Fibre,2653.650,Month-to-month,1,Electronic check,29,Yes
GKCWQ20806,0,0,0,H,74.950,Oui,No,Fibre,151.750,Month-to-month,0,Electronic check,2,No
ERQOJ25199,0,1,0,H,54.600,Non,No phone service,ADSL,1803.700,Month-to-month,1,Electronic check,33,No
GQWYX30741,0,0,0,H,75.900,Oui,Yes,Fibre,357.750,Month-to-month,1,Bank transfer (automatic),5,Yes
HDPJV76608,0,0,0,F,69.200,Oui,No,Fibre,69.200,Month-to-month,1,Electronic check,1,Yes
UEFCZ43893,1,0,0,F,105.500,Oui,Yes,Fibre,7544.000,Two year,1,Electronic check,72,No
NNASM28561,0,1,0,H,89.550,Oui,No,Fibre,3856.750,Month-to-month,1,Mailed check,43,Yes
YKXKD80659,0,0,0,F,74.750,Oui,Yes,Fibre,799.650,Month-to-month,1,Electronic check,10,Yes
VVMYB82076,1,0,0,F,26.000,Oui,Yes,Non,2006.950,Two year,1,Bank transfer (automatic),70,No
MTGZX63657,0,0,0,H,96.000,Oui,No,Fibre,2122.450,Month-to-month,1,Electronic check,24,Yes
TTOYH93919,0,0,0,F,19.500,Oui,No,Non,470.200,Month-to-month,1,Mailed check,23,No
VCIXC66822,1,0,1,F,51.250,Non,No phone service,ADSL,2151.600,One year,1,Bank transfer (automatic),43,No
VZNQB61211,0,0,0,F,19.100,Oui,No,Non,19.100,Month-to-month,1,Mailed check,1,Yes
KMGLI23595,0,0,0,H,80.250,Oui,Yes,Fibre,1861.500,Month-to-month,1,Electronic check,24,Yes
WPJTV84336,1,1,1,F,103.900,Oui,Yes,Fibre,6767.100,One year,1,Bank transfer (automatic),65,No
PNTHC10614,1,0,1,F,109.600,Oui,Yes,Fibre,5953.000,Month-to-month,1,Mailed check,56,No
AECUZ85801,0,1,0,H,79.100,Oui,No,Fibre,79.100,Month-to-month,1,Electronic check,1,Yes
TNLZA11046,1,1,0,H,105.800,Oui,Yes,Fibre,2998.000,Month-to-month,1,Electronic check,28,No
BQPVU14429,0,0,0,F,29.150,Non,No phone service,ADSL,357.150,Month-to-month,0,Electronic check,13,No
PVRAN42771,0,0,0,F,80.100,Oui,No,Fibre,679.300,Month-to-month,1,Bank transfer (automatic),8,Yes
BDPXA60775,0,0,0,F,70.150,Oui,No,Fibre,194.200,Month-to-month,1,Electronic check,3,No
WMWOG51435,0,0,0,H,19.950,Oui,No,Non,19.950,Month-to-month,0,Electronic check,1,Yes
OBZPH60051,0,1,0,F,89.150,Oui,Yes,Fibre,2277.650,Month-to-month,1,Electronic check,26,Yes
LFHLY68948,0,1,0,H,75.750,Oui,Yes,Fibre,75.750,Month-to-month,1,Electronic check,1,Yes
ISEZX27324,0,0,0,F,20.500,Oui,No,Non,104.300,Month-to-month,1,Mailed check,5,No
ZUWZA14815,0,0,0,H,94.500,Oui,Yes,Fibre,2659.400,Month-to-month,1,Credit card (automatic),28,Yes
WXJAK52932,1,1,0,F,104.050,Oui,Yes,Fibre,1133.650,Month-to-month,1,Bank transfer (automatic),11,Yes
WRIDW84442,0,1,0,F,80.450,Oui,Yes,Fibre,5224.350,Month-to-month,1,Credit card (automatic),66,Yes
TSSMU06215,1,0,0,H,19.950,Oui,No,Non,1126.750,One year,0,Credit card (automatic),56,No
BAYGL69255,1,1,0,F,25.100,Oui,Yes,Non,1275.600,Two year,0,Credit card (automatic),53,No
AJGEH32374,1,0,1,F,31.000,Non,No phone service,ADSL,95.050,Month-to-month,1,Mailed check,3,Yes
JLBGY69047,0,1,0,F,117.350,Oui,Yes,Fibre,8436.250,Two year,1,Credit card (automatic),72,No
ENEJV96207,0,0,0,F,70.550,Oui,No,Fibre,433.950,Month-to-month,0,Credit card (automatic),6,No
TEUJK53229,1,0,1,F,114.600,Oui,Yes,Fibre,8100.250,Two year,0,Bank transfer (automatic),71,No
YKUVW93641,0,0,0,H,19.800,Oui,No,Non,309.400,Month-to-month,1,Mailed check,15,No
MVYRY64635,0,1,0,F,69.850,Oui,No,ADSL,4003.000,Two year,0,Bank transfer (automatic),57,No
LATFU64846,0,0,0,H,24.550,Oui,Yes,Non,1657.400,Two year,0,Mailed check,68,No
PTMEZ87187,0,0,0,F,31.050,Non,No phone service,ADSL,347.250,Month-to-month,1,Electronic check,13,Yes
GQBZC77119,1,0,1,F,24.700,Oui,Yes,Non,1810.550,Two year,0,Bank transfer (automatic),71,No
NGNBH87222,0,0,0,H,40.000,Non,No phone service,ADSL,223.450,Month-to-month,0,Mailed check,5,Yes
TFSMK24325,0,0,0,H,89.600,Oui,Yes,Fibre,1633.000,One year,1,Credit card (automatic),18,No
TNCWL14728,0,0,1,H,94.700,Oui,No,Fibre,3512.500,Month-to-month,1,Electronic check,36,No
BMAQU00143,1,0,0,H,84.650,Oui,Yes,Fibre,5377.800,Two year,1,Credit card (automatic),63,No
FJDYW27249,0,0,1,H,54.850,Non,No phone service,ADSL,2191.700,One year,0,Bank transfer (automatic),39,No
VWVBO46931,0,0,0,F,19.550,Oui,No,Non,61.050,Month-to-month,0,Electronic check,3,No
KOBTQ03013,0,0,0,H,20.050,Oui,No,Non,614.450,Two year,1,Bank transfer (automatic),32,No
YAACC70446,1,1,0,H,70.200,Oui,No,Fibre,280.350,Month-to-month,1,Electronic check,4,No
YWKHZ82907,1,1,0,F,93.200,Oui,Yes,Fibre,2931.000,Month-to-month,1,Electronic check,32,Yes
QMGOE59088,0,1,0,H,74.200,Oui,Yes,Fibre,1133.900,Month-to-month,1,Credit card (automatic),15,Yes
KTRTH47956,1,1,0,F,81.000,Oui,Yes,Fibre,371.650,Month-to-month,1,Electronic check,5,Yes
RKGLH50578,1,0,1,F,20.350,Oui,No,Non,191.100,Two year,0,Mailed check,9,No
JVQGF63415,1,0,1,F,81.150,Oui,No,ADSL,2545.750,One year,1,Mailed check,31,No
JJAVA40651,0,0,0,F,49.500,Oui,No,ADSL,49.500,Month-to-month,0,Electronic check,1,No
QKYGT20184,1,0,1,H,81.050,Oui,No,Fibre,81.050,Month-to-month,1,Electronic check,1,No
FNIUJ73799,0,0,0,H,100.200,Oui,No,Fibre,198.500,Month-to-month,0,Electronic check,2,No
KKFWL19709,0,0,0,F,23.300,Oui,Yes,Non,797.100,Two year,0,Bank transfer (automatic),35,No
MQJCH73117,0,0,0,F,19.550,Oui,No,Non,99.600,One year,0,Electronic check,5,No
NPFWW58969,1,0,1,H,50.150,Oui,No,ADSL,168.150,Month-to-month,1,Electronic check,3,Yes
GFXLZ87912,0,0,0,H,49.050,Oui,No,ADSL,593.050,Month-to-month,1,Bank transfer (automatic),12,No
HPRFL49791,1,0,1,H,24.150,Oui,Yes,Non,1402.250,Two year,0,Bank transfer (automatic),56,No
AXXYF61819,1,0,1,H,24.750,Oui,Yes,Non,1859.100,Two year,0,Credit card (automatic),72,No
QCBCA79084,1,0,0,F,69.400,Oui,No,Fibre,69.400,Month-to-month,1,Mailed check,1,Yes
TJMBR68777,1,0,0,H,84.800,Oui,No,Fibre,84.800,Month-to-month,1,Electronic check,1,Yes
UYDTX09758,1,0,0,F,90.100,Oui,Yes,ADSL,2312.550,One year,1,Credit card (automatic),26,No
LNWUM45816,0,0,0,F,49.150,Non,No phone service,ADSL,649.400,Month-to-month,0,Electronic check,13,No
TIALW49571,0,0,1,F,65.600,Oui,No,ADSL,1010.000,One year,0,Credit card (automatic),15,No
LIXVT49895,0,1,0,H,95.900,Oui,Yes,Fibre,6503.200,Month-to-month,1,Electronic check,68,No
QGENL08866,1,1,0,F,101.250,Oui,No,Fibre,2754.450,Month-to-month,1,Electronic check,27,Yes
ARNLO27992,1,1,0,F,69.350,Oui,No,Fibre,341.600,Month-to-month,1,Electronic check,5,No
YNWZU30272,1,0,0,F,25.000,Oui,Yes,Non,1584.800,Two year,0,Credit card (automatic),64,No
VRMNM95788,0,0,0,F,65.200,Oui,Yes,ADSL,1043.350,Month-to-month,1,Credit card (automatic),16,Yes
URTMR89437,0,0,0,F,79.650,Oui,No,Fibre,152.700,Month-to-month,1,Mailed check,2,Yes
SHNDT79632,0,0,0,F,39.100,Non,No phone service,ADSL,1982.100,Two year,0,Mailed check,52,No
YYPWD80073,0,0,0,F,25.050,Oui,Yes,Non,369.100,Two year,0,Bank transfer (automatic),15,No
AKPIA45676,1,0,1,F,109.100,Oui,Yes,Fibre,4454.250,One year,1,Bank transfer (automatic),41,No
WTFIV69274,0,1,0,H,71.300,Oui,No,Fibre,1389.200,Month-to-month,0,Credit card (automatic),20,Yes
GXMDA59147,1,0,0,F,19.300,Oui,No,Non,593.200,One year,0,Mailed check,32,No
UXAGJ77671,0,0,0,H,50.450,Oui,Yes,ADSL,50.450,Month-to-month,1,Electronic check,1,Yes
DPADN48273,1,0,1,F,83.300,Oui,Yes,ADSL,6042.700,Two year,1,Bank transfer (automatic),72,No
YPOEG57889,1,0,1,F,84.750,Oui,No,ADSL,2839.450,Two year,0,Mailed check,34,No
EDTYC72422,0,0,1,H,19.550,Oui,No,Non,819.950,Two year,0,Bank transfer (automatic),44,No
MQAOA16769,0,0,0,H,75.100,Oui,No,ADSL,5336.350,Two year,1,Bank transfer (automatic),72,No
MSWXT51689,1,0,1,H,94.750,Oui,No,Fibre,759.550,Month-to-month,1,Electronic check,8,No
AZZPJ19766,1,0,0,H,34.200,Non,No phone service,ADSL,256.600,Month-to-month,0,Mailed check,7,No
LOBKY87118,1,0,1,H,19.850,Oui,No,Non,1188.250,Two year,0,Mailed check,59,No
SIHCH90572,0,0,0,F,96.600,Oui,Yes,Fibre,291.900,Month-to-month,1,Electronic check,3,Yes
DTFYB52293,0,0,0,F,98.800,Oui,No,Fibre,3959.150,Two year,1,Bank transfer (automatic),41,No
ZVHDV63705,1,0,0,F,25.300,Oui,Yes,Non,1554.900,Two year,0,Bank transfer (automatic),61,No
DRBQT48182,1,0,0,H,80.150,Oui,Yes,Fibre,2265.250,Month-to-month,1,Bank transfer (automatic),29,Yes
XTUWL22304,1,0,1,F,19.550,Oui,No,Non,883.350,Two year,0,Mailed check,48,No
JKSGK10669,0,0,0,H,20.150,Oui,No,Non,20.150,Month-to-month,0,Mailed check,1,Yes
QSWCD18526,1,0,1,H,24.800,Oui,Yes,Non,1514.850,Two year,1,Mailed check,64,No
FLENO66254,1,0,0,H,20.750,Oui,No,Non,1185.950,Two year,0,Mailed check,58,No
GKNMI17661,0,0,0,H,84.900,Oui,Yes,Fibre,2516.200,Month-to-month,1,Electronic check,29,No
HCJTI65029,1,1,0,H,94.700,Oui,Yes,Fibre,673.100,Month-to-month,1,Credit card (automatic),7,Yes
ARSVR23236,1,0,0,H,111.050,Oui,No,Fibre,7321.050,Two year,1,Electronic check,67,No
AALRN31647,0,0,0,H,70.000,Oui,No,ADSL,347.400,One year,1,Mailed check,5,Yes
ZATLR60648,0,0,0,F,52.850,Oui,No,ADSL,1498.650,Two year,0,Bank transfer (automatic),27,No
UCLNH70964,0,0,0,H,20.050,Oui,No,Non,20.050,Month-to-month,0,Mailed check,1,No
PYWXL30979,1,0,1,F,19.950,Oui,No,Non,82.900,Month-to-month,1,Electronic check,4,No
UMSIY47194,0,0,1,H,19.650,Oui,No,Non,100.900,Month-to-month,0,Mailed check,6,No
IAYHD69173,0,0,1,H,33.600,Non,No phone service,ADSL,33.600,Month-to-month,0,Mailed check,1,No
QWPNC01128,1,0,0,H,84.350,Oui,Yes,ADSL,4059.350,One year,0,Electronic check,49,Yes
HFSBT52089,0,0,0,F,55.050,Oui,No,ADSL,102.750,Month-to-month,1,Credit card (automatic),2,Yes
ULUHT64732,1,0,1,H,84.900,Oui,Yes,ADSL,1398.250,Month-to-month,0,Electronic check,16,No
SRCDE20806,0,0,1,F,25.400,Oui,Yes,Non,25.400,Month-to-month,0,Mailed check,1,No
UWHNB75042,0,0,0,H,69.750,Oui,No,Fibre,1729.350,Month-to-month,0,Electronic check,25,No
ZCSBI03808,0,0,0,H,20.000,Oui,No,Non,198.700,Month-to-month,0,Credit card (automatic),10,No
CGGUN62509,0,0,0,H,84.400,Oui,No,Fibre,4484.050,One year,0,Electronic check,54,No
MHUMO96617,1,1,1,H,49.250,Oui,No,ADSL,49.250,Month-to-month,1,Credit card (automatic),1,Yes
OLSKT51769,1,0,0,F,66.900,Oui,Yes,ADSL,4370.250,Two year,0,Bank transfer (automatic),66,No
MIGPM51726,0,0,0,H,65.550,Oui,Yes,ADSL,237.200,Month-to-month,0,Mailed check,4,No
NGWON66716,0,0,0,F,20.350,Oui,No,Non,150.600,Month-to-month,0,Mailed check,7,No
SAEJD81694,1,1,0,H,56.550,Non,No phone service,ADSL,3952.650,Two year,0,Credit card (automatic),69,No
ISXZP35856,0,0,0,F,95.650,Oui,Yes,Fibre,778.100,Month-to-month,0,Bank transfer (automatic),8,Yes
GLPQB21081,1,0,0,H,55.550,Oui,Yes,ADSL,1405.300,Month-to-month,0,Credit card (automatic),25,No
WTIPC60293,0,1,0,H,101.100,Oui,Yes,Fibre,3744.050,Month-to-month,1,Electronic check,37,Yes
SLUJI02475,1,0,1,H,19.700,Oui,No,Non,19.700,Month-to-month,0,Mailed check,1,No
IQRFR41164,1,0,1,H,24.100,Oui,Yes,Non,73.100,One year,0,Credit card (automatic),4,No
OSFEU23093,0,0,0,H,33.900,Non,No phone service,ADSL,298.450,Month-to-month,1,Mailed check,10,Yes
HEUZG04582,0,0,0,F,35.400,Non,No phone service,ADSL,450.400,Two year,0,Mailed check,13,No
KLOTR72852,1,0,0,F,78.850,Oui,Yes,ADSL,876.750,One year,0,Electronic check,12,No
EZFMJ12413,1,0,0,H,25.450,Oui,Yes,Non,1538.600,Two year,0,Bank transfer (automatic),61,No
HBOBZ61965,1,0,0,H,99.350,Oui,Yes,Fibre,6347.550,Two year,1,Electronic check,65,No
VXRIL48726,0,0,0,H,64.650,Oui,Yes,ADSL,3665.550,One year,1,Bank transfer (automatic),56,No
HBGQN61946,0,0,0,H,81.150,Oui,Yes,ADSL,4126.200,One year,1,Credit card (automatic),51,No
LLOEI56813,1,0,1,H,91.250,Oui,Yes,Fibre,4013.800,One year,1,Credit card (automatic),43,No
HBSWP15365,0,0,0,F,49.900,Oui,No,ADSL,49.900,Month-to-month,1,Electronic check,1,No
JRWWP09883,0,0,0,F,54.200,Oui,No,ADSL,140.400,Month-to-month,1,Electronic check,3,No
JATSN36654,0,0,0,F,39.700,Non,No phone service,ADSL,710.050,Month-to-month,1,Electronic check,19,No
TCXKK18333,1,0,0,H,107.750,Oui,Yes,Fibre,4882.800,Month-to-month,1,Bank transfer (automatic),45,No
BRPCJ03243,1,1,0,F,100.200,Oui,Yes,Fibre,6851.650,Month-to-month,1,Electronic check,68,Yes
MZHWP20023,0,0,0,F,20.500,Oui,No,Non,20.500,Month-to-month,0,Mailed check,1,Yes
SJHJV48215,1,0,1,F,89.600,Oui,Yes,Fibre,2901.800,Month-to-month,0,Electronic check,32,No
GVBXT95813,1,0,1,H,34.800,Non,No phone service,ADSL,1980.300,One year,0,Mailed check,59,No
UOWHD52425,1,0,1,H,20.350,Oui,No,Non,929.200,Two year,0,Mailed check,45,No
XPFPU68929,1,1,0,H,104.250,Oui,Yes,Fibre,2433.900,Month-to-month,1,Electronic check,24,Yes
WILMM11873,1,0,1,H,89.400,Oui,Yes,ADSL,5597.650,Two year,1,Credit card (automatic),63,No
CYRBD41097,1,1,0,H,51.600,Oui,Yes,ADSL,1442.000,Month-to-month,1,Electronic check,29,No
XWSCN09134,1,0,1,H,85.500,Oui,Yes,Fibre,4713.400,Month-to-month,0,Bank transfer (automatic),55,No
VVWLQ88377,0,0,0,F,84.950,Oui,No,Fibre,668.400,Month-to-month,0,Electronic check,8,Yes
HOVES63459,0,0,0,H,25.050,Non,No phone service,ADSL,852.700,Month-to-month,1,Bank transfer (automatic),34,No
DCJWY32444,0,0,0,F,70.250,Oui,No,Fibre,70.250,Month-to-month,1,Electronic check,1,Yes
DCXNF87352,1,0,0,H,54.950,Oui,No,ADSL,568.850,Month-to-month,1,Credit card (automatic),10,No
CFLYY56766,1,0,1,H,73.350,Oui,No,ADSL,5154.500,Two year,1,Credit card (automatic),71,No
QYOHV82173,0,0,0,H,55.750,Oui,No,ADSL,266.950,Month-to-month,1,Mailed check,5,No
WYVVE24867,1,0,0,H,79.300,Oui,Yes,ADSL,2484.000,One year,1,Mailed check,31,No
BASKD20246,0,0,0,F,74.600,Oui,No,Fibre,74.600,Month-to-month,1,Mailed check,1,Yes
IJEQJ53665,0,0,0,H,88.700,Oui,Yes,Fibre,1761.450,Month-to-month,1,Electronic check,20,Yes
IUNXN61314,1,0,1,F,20.200,Oui,No,Non,382.200,Month-to-month,0,Mailed check,19,No
FJGCV35209,1,0,1,H,112.600,Oui,Yes,Fibre,8126.650,Two year,1,Credit card (automatic),72,No
ZMNTZ17347,1,0,1,F,25.000,Oui,Yes,Non,300.700,Two year,0,Mailed check,11,No
ZGYUW42289,0,0,0,H,90.050,Oui,Yes,Fibre,368.100,Month-to-month,1,Electronic check,4,Yes
BRXPO96019,1,0,0,F,104.950,Oui,Yes,Fibre,2566.500,Month-to-month,1,Bank transfer (automatic),25,Yes
LBNMK45848,1,1,0,H,24.700,Oui,Yes,Non,1174.350,One year,0,Credit card (automatic),45,No
LJDFO84953,0,1,0,F,108.950,Oui,Yes,Fibre,7111.300,Month-to-month,1,Bank transfer (automatic),64,No
CICYS79763,0,0,0,H,20.700,Oui,No,Non,83.750,Month-to-month,1,Credit card (automatic),4,No
PZLXD33749,0,0,0,H,19.700,Oui,No,Non,675.600,Month-to-month,0,Mailed check,34,No
JVVQY56968,1,0,1,F,70.100,Oui,No,ADSL,3238.400,Two year,1,Credit card (automatic),48,No
GHNWN22039,1,0,0,F,79.650,Oui,Yes,Fibre,1928.700,Month-to-month,1,Mailed check,24,No
UTFKA94895,1,1,0,H,60.900,Oui,No,ADSL,551.950,Month-to-month,0,Bank transfer (automatic),8,No
LYCOI41294,0,0,1,F,104.000,Oui,Yes,Fibre,7039.050,Two year,1,Electronic check,67,No
BOVXD22574,1,0,0,H,66.600,Oui,Yes,ADSL,979.500,Month-to-month,1,Credit card (automatic),14,No
EGQFK51439,0,1,0,F,29.650,Non,No phone service,ADSL,291.400,Month-to-month,1,Electronic check,10,Yes
TGFHX98332,1,0,1,H,97.100,Oui,Yes,Fibre,4016.750,One year,0,Electronic check,42,No
UGUSU83873,1,0,1,F,20.050,Oui,No,Non,284.300,Month-to-month,0,Mailed check,15,No
LLFYV53659,0,0,0,F,45.850,Oui,No,ADSL,105.600,Month-to-month,1,Mailed check,2,No
HRXRK94081,1,0,1,F,105.150,Oui,Yes,Fibre,4730.900,Month-to-month,1,Electronic check,45,No
RHDJD15651,0,0,1,F,84.050,Oui,Yes,Fibre,333.550,Month-to-month,0,Bank transfer (automatic),4,Yes
WFARN11508,1,0,1,F,108.750,Oui,Yes,Fibre,7156.200,Two year,1,Credit card (automatic),67,Yes
OIGLP59952,0,0,0,H,56.650,Oui,No,ADSL,654.850,Month-to-month,0,Mailed check,12,Yes
BDJKB04078,1,0,0,H,95.750,Oui,Yes,Fibre,5742.900,Month-to-month,1,Electronic check,60,Yes
DOMLJ29471,0,0,1,H,50.600,Oui,No,ADSL,50.600,Month-to-month,0,Mailed check,1,Yes
IEYJD83099,0,1,0,F,70.600,Oui,No,Fibre,70.600,Month-to-month,1,Mailed check,1,No
AQPHZ39006,0,0,0,F,19.900,Oui,No,Non,19.900,Month-to-month,0,Mailed check,1,Yes
RXFMG45441,1,0,1,H,43.450,Oui,No,ADSL,345.500,One year,1,Mailed check,8,No
NALOJ16241,0,1,0,H,89.800,Oui,Yes,Fibre,502.600,Month-to-month,1,Electronic check,5,Yes
GIQMR14473,1,0,0,H,69.150,Oui,No,Fibre,69.150,Month-to-month,1,Electronic check,1,Yes
LOCWC23466,1,0,1,F,20.500,Oui,No,Non,1191.400,Two year,0,Credit card (automatic),58,No
RKOCB51721,1,0,0,H,108.950,Oui,Yes,Fibre,7875.000,Two year,1,Credit card (automatic),72,No
CHTDM28088,1,0,1,F,25.100,Oui,Yes,Non,611.450,Two year,0,Mailed check,23,No
PDSGJ82426,1,0,0,H,39.150,Non,No phone service,ADSL,2692.750,Two year,1,Credit card (automatic),70,No
FVEWJ55206,1,0,1,F,84.500,Oui,Yes,Fibre,916.900,Month-to-month,1,Electronic check,12,Yes
RXIHG21354,0,0,0,H,45.650,Oui,No,ADSL,45.650,Month-to-month,1,Electronic check,1,Yes
TDRFT69816,1,0,1,H,54.300,Non,No phone service,ADSL,2317.100,One year,1,Electronic check,44,No
USDBL57515,1,0,1,H,81.000,Oui,No,ADSL,3846.350,Two year,0,Mailed check,46,No
XIGKN84572,0,0,0,H,19.600,Oui,No,Non,356.150,Month-to-month,1,Credit card (automatic),20,No
KLBQG01115,1,1,1,H,93.950,Oui,No,Fibre,2861.450,Month-to-month,1,Mailed check,32,No
ISHSF26761,0,0,0,H,20.300,Oui,No,Non,20.300,Month-to-month,0,Mailed check,1,No
TWFFZ04363,0,0,0,F,85.250,Oui,Yes,ADSL,5714.200,Two year,1,Mailed check,67,No
OHLSK49021,0,1,0,F,98.650,Oui,Yes,Fibre,2862.750,Month-to-month,0,Electronic check,29,Yes
QTSBS25608,1,0,1,F,23.300,Oui,Yes,Non,1623.150,One year,1,Bank transfer (automatic),72,No
FOIGH39025,1,1,0,H,101.350,Oui,Yes,Fibre,1218.550,Month-to-month,1,Electronic check,12,Yes
VHKAJ13526,1,0,1,H,71.600,Oui,Yes,ADSL,1957.100,Month-to-month,0,Bank transfer (automatic),27,No
WTPON17411,1,0,1,H,115.850,Oui,Yes,Fibre,6567.900,Two year,0,Mailed check,56,No
BCKQJ23829,0,0,1,F,100.150,Oui,Yes,Fibre,6413.650,One year,1,Electronic check,62,Yes
XWOVN79503,0,0,0,H,34.700,Non,No phone service,ADSL,383.550,Month-to-month,0,Mailed check,11,No
ZHSKZ01917,0,1,0,H,74.750,Oui,No,ADSL,2111.300,Month-to-month,1,Electronic check,30,No
RAOQO03626,0,0,0,F,19.650,Oui,No,Non,830.250,Two year,0,Credit card (automatic),40,No
ACRXS42824,1,1,0,H,24.850,Non,No phone service,ADSL,955.750,Month-to-month,1,Electronic check,38,No
OXZMD87994,0,0,0,F,29.750,Non,No phone service,ADSL,790.700,Month-to-month,1,Mailed check,28,No
UCPVT92231,0,0,0,F,94.400,Oui,No,Fibre,94.400,Month-to-month,0,Electronic check,1,Yes
DILPE16008,0,0,0,F,45.000,Oui,No,ADSL,524.350,Month-to-month,1,Bank transfer (automatic),12,No
BDHAW08103,1,0,1,F,78.400,Oui,Yes,ADSL,1832.400,One year,0,Electronic check,24,No
AFQJB53343,0,1,0,H,25.100,Oui,Yes,Non,1789.900,Two year,1,Credit card (automatic),72,No
EVBOJ06412,0,0,0,H,82.300,Oui,No,Fibre,214.400,Month-to-month,1,Mailed check,3,No
IHCGW80155,1,0,1,F,115.500,Oui,Yes,Fibre,8425.150,Two year,1,Electronic check,72,No
OQQRW87463,0,0,0,H,25.250,Oui,Yes,Non,101.900,Month-to-month,0,Mailed check,4,No
HXOPH33708,0,0,0,F,76.100,Oui,Yes,Fibre,257.600,Month-to-month,0,Electronic check,3,No
JMONI27228,1,1,0,F,49.550,Oui,No,ADSL,49.550,Month-to-month,1,Electronic check,1,Yes
RIJEP04756,0,0,0,H,77.850,Oui,Yes,Fibre,3365.850,Month-to-month,1,Electronic check,43,Yes
BKVDS81118,0,0,0,F,40.700,Non,No phone service,ADSL,449.300,Month-to-month,0,Bank transfer (automatic),10,No
RLWWD02242,0,1,0,F,44.300,Oui,No,ADSL,89.300,Month-to-month,1,Electronic check,2,No
NJYRO65087,1,0,0,H,18.800,Oui,No,Non,294.950,One year,0,Mailed check,15,No
BBQAY83167,0,0,0,F,59.950,Non,No phone service,ADSL,3921.100,Two year,0,Credit card (automatic),65,No
OEGBV21504,0,0,0,H,20.100,Oui,No,Non,562.600,One year,0,Bank transfer (automatic),27,No
HUAZH35514,0,1,0,H,74.400,Oui,Yes,Fibre,74.400,Month-to-month,1,Electronic check,1,Yes
FEEWR88846,0,0,0,H,20.600,Oui,No,Non,754.000,One year,0,Bank transfer (automatic),35,No
VXZLG59682,0,0,0,H,46.600,Oui,No,ADSL,87.900,Month-to-month,1,Bank transfer (automatic),2,No
BDOQC30709,0,0,0,F,99.650,Oui,No,Fibre,5941.050,Two year,1,Electronic check,60,No
WARNZ28212,0,0,1,F,19.450,Oui,No,Non,921.300,One year,0,Credit card (automatic),49,No
XWMPY21088,0,0,0,H,35.450,Non,No phone service,ADSL,106.850,Month-to-month,1,Mailed check,3,Yes
PEEBY81943,1,0,1,F,19.900,Oui,No,Non,533.500,One year,0,Mailed check,24,No
SREOM26856,1,0,1,F,89.100,Oui,Yes,Fibre,2368.400,Month-to-month,1,Electronic check,25,Yes
VPXTA26571,1,0,1,F,88.850,Oui,No,Fibre,929.450,Month-to-month,1,Electronic check,10,No
WJEUN50674,1,0,1,H,54.200,Oui,No,ADSL,3838.200,Two year,1,Bank transfer (automatic),67,No
YMZZJ22057,0,1,0,H,84.800,Oui,Yes,Fibre,546.950,Month-to-month,1,Electronic check,7,Yes
UDIEF42773,1,0,1,H,81.000,Oui,Yes,ADSL,1923.850,Month-to-month,0,Bank transfer (automatic),24,No
BKXGA14805,1,1,0,H,116.050,Oui,Yes,Fibre,8404.900,Two year,1,Bank transfer (automatic),72,No
YPBTM46489,0,0,0,H,73.900,Oui,Yes,ADSL,3958.250,Two year,1,Bank transfer (automatic),53,No
NQYSN30979,1,1,0,H,86.850,Oui,Yes,Fibre,156.350,Month-to-month,1,Mailed check,2,Yes
WYPLL92507,0,0,0,F,75.550,Oui,Yes,Fibre,413.650,Month-to-month,0,Electronic check,5,Yes
VDBUR52457,1,0,0,F,35.450,Non,No phone service,ADSL,1958.950,One year,0,Mailed check,52,No
FZTOE84686,1,0,1,F,74.350,Oui,No,ADSL,5237.400,Two year,1,Electronic check,72,No
OPLNG76399,1,0,1,H,79.250,Oui,Yes,ADSL,5731.850,Two year,1,Bank transfer (automatic),70,No
XVRZL86318,0,0,0,H,20.150,Oui,No,Non,163.700,One year,1,Mailed check,9,No
QQWPW57533,0,0,0,F,59.900,Oui,No,ADSL,1654.700,One year,1,Electronic check,28,No
FIIJL93392,1,0,0,H,85.950,Oui,Yes,ADSL,6151.900,Two year,0,Bank transfer (automatic),72,No
XYTSV86449,1,0,0,H,40.150,Non,No phone service,ADSL,1626.050,Month-to-month,1,Bank transfer (automatic),42,No
UZPWD66886,1,0,0,F,102.000,Oui,Yes,Fibre,1145.350,Month-to-month,1,Electronic check,11,Yes
OULXE15344,1,0,1,F,49.700,Oui,No,ADSL,2961.400,One year,1,Bank transfer (automatic),61,No
MIVLE39028,1,0,1,H,75.700,Oui,Yes,ADSL,4676.700,Two year,0,Mailed check,63,No
RLAQD42371,0,0,0,H,45.850,Oui,No,ADSL,45.850,Month-to-month,1,Mailed check,1,Yes
DNHLN12089,1,0,1,H,48.350,Oui,Yes,ADSL,1067.150,One year,1,Credit card (automatic),23,Yes
VCUMB07045,1,0,0,F,20.250,Oui,No,Non,1278.800,Two year,0,Credit card (automatic),61,No
QHZGP25509,0,0,0,H,19.500,Oui,No,Non,128.600,One year,0,Mailed check,7,No
OMJNA78172,0,0,0,H,20.400,Oui,No,Non,275.700,One year,0,Bank transfer (automatic),14,No
POVEX28112,1,1,1,F,88.450,Oui,No,Fibre,2130.550,Month-to-month,1,Bank transfer (automatic),23,No
HPQPG99403,1,0,0,F,91.750,Oui,Yes,Fibre,865.800,Month-to-month,0,Bank transfer (automatic),9,Yes
NWRPA20124,1,1,0,F,99.550,Oui,Yes,Fibre,1131.200,Month-to-month,1,Electronic check,11,Yes
LDKUH51768,0,0,0,F,75.150,Oui,No,Fibre,3772.650,One year,0,Electronic check,48,No
CNTZX02814,1,0,0,H,19.950,Oui,No,Non,1234.800,Two year,1,Bank transfer (automatic),63,No
JPSCL34401,0,0,0,F,99.950,Oui,No,Fibre,547.650,Month-to-month,1,Mailed check,6,Yes
BUYEC72842,0,0,0,F,50.950,Non,No phone service,ADSL,229.400,Month-to-month,1,Credit card (automatic),5,No
EGMON41781,1,0,0,H,88.000,Oui,Yes,Fibre,5986.450,Two year,1,Credit card (automatic),70,No
NTKOD23737,0,0,0,H,66.250,Oui,No,ADSL,546.450,Month-to-month,1,Electronic check,8,No
WNTMJ45383,1,0,1,F,24.950,Oui,Yes,Non,1165.900,One year,0,Mailed check,46,No
GKDZZ13453,0,0,1,H,19.550,Oui,No,Non,128.600,Month-to-month,0,Mailed check,6,No
ANODQ88838,1,0,1,F,84.400,Oui,Yes,Fibre,5746.750,Two year,1,Credit card (automatic),68,No
SYSFC14885,1,0,1,H,20.650,Oui,No,Non,702.050,Month-to-month,1,Electronic check,31,No
QMYLD58761,1,0,1,F,20.050,Oui,No,Non,415.100,One year,0,Mailed check,23,No
BLSYF39086,0,0,0,F,83.900,Oui,No,Fibre,497.550,Month-to-month,0,Electronic check,6,Yes
VTEOA43171,0,0,0,H,50.750,Oui,No,ADSL,50.750,Month-to-month,1,Electronic check,1,Yes
GALYP34227,0,0,0,H,79.450,Oui,Yes,Fibre,145.150,Month-to-month,1,Electronic check,2,No
QKNTN54616,1,1,0,H,94.300,Oui,Yes,Fibre,3953.150,Month-to-month,1,Electronic check,43,No
GPKZU99756,1,0,1,H,19.750,Oui,No,Non,856.500,Two year,0,Credit card (automatic),46,No
VFLKH22841,1,0,0,H,99.250,Oui,No,Fibre,4920.800,One year,1,Credit card (automatic),49,No
MUQUF89454,0,0,0,H,94.800,Oui,Yes,Fibre,4837.600,One year,1,Electronic check,51,Yes
CUZUJ51497,1,0,1,H,92.900,Oui,No,Fibre,2768.350,One year,0,Bank transfer (automatic),28,No
RMGHA96144,1,0,0,H,91.850,Oui,Yes,Fibre,5940.850,Month-to-month,1,Bank transfer (automatic),65,Yes
YVXCM50769,0,0,0,H,83.400,Oui,Yes,Fibre,4149.450,Month-to-month,0,Bank transfer (automatic),51,No
QZLRL50884,0,0,0,H,20.650,Oui,No,Non,20.650,Month-to-month,0,Electronic check,1,No
IEXZT50548,0,0,1,H,75.350,Oui,No,Fibre,75.350,Month-to-month,1,Electronic check,1,Yes
ZBEQN30343,1,0,0,F,34.700,Non,No phone service,ADSL,1604.500,One year,0,Mailed check,48,Yes
CMPEY79034,1,1,0,H,80.300,Oui,Yes,Fibre,80.300,Month-to-month,1,Electronic check,1,Yes
DHAOW86547,0,0,0,F,54.150,Oui,Yes,ADSL,101.650,Month-to-month,0,Mailed check,2,No
JONDJ20393,0,0,0,H,55.450,Oui,No,ADSL,1477.650,One year,0,Bank transfer (automatic),27,No
TRNQN76236,0,0,1,H,49.900,Oui,No,ADSL,49.900,Month-to-month,1,Mailed check,1,Yes
KVZKQ88219,1,0,1,F,58.400,Non,No phone service,ADSL,4113.150,One year,1,Bank transfer (automatic),70,No
BBVTG15968,0,0,0,H,75.350,Oui,Yes,Fibre,2636.050,Month-to-month,0,Credit card (automatic),35,Yes
HDRKD47022,0,0,0,H,49.350,Non,No phone service,ADSL,3321.350,One year,1,Bank transfer (automatic),67,No
SGHBW15012,0,0,0,H,45.850,Oui,No,ADSL,81.000,Month-to-month,0,Mailed check,2,Yes
OHQHQ04224,1,0,1,F,20.550,Oui,No,Non,295.950,One year,0,Mailed check,15,No
IKBTM28665,0,0,0,F,19.550,Oui,No,Non,19.550,Month-to-month,0,Mailed check,1,No
CBWYG52013,1,0,1,H,24.800,Oui,Yes,Non,1476.250,One year,0,Bank transfer (automatic),62,No
KNSEZ12407,0,0,0,H,20.100,Oui,No,Non,20.100,Month-to-month,1,Mailed check,1,Yes
YHCVC52865,1,0,0,H,104.800,Oui,Yes,Fibre,7470.100,Two year,1,Bank transfer (automatic),72,No
KPKBW97326,0,0,0,H,53.950,Oui,No,ADSL,53.950,Month-to-month,1,Electronic check,1,Yes
UJRUN93575,1,0,0,H,58.350,Oui,Yes,ADSL,1346.900,One year,1,Electronic check,24,No
TCJCI00226,0,1,0,H,62.700,Oui,No,ADSL,2791.500,One year,0,Credit card (automatic),45,Yes
HYVZP28297,0,0,0,H,19.800,Oui,No,Non,572.200,One year,1,Mailed check,29,No
QFDFI58467,1,0,1,F,88.600,Oui,Yes,Fibre,2888.700,Month-to-month,0,Credit card (automatic),33,No
SVSFK07228,0,0,0,F,100.400,Oui,No,Fibre,715.000,Month-to-month,1,Electronic check,7,No
IDHRQ09477,0,0,0,F,80.300,Oui,No,Fibre,526.700,Month-to-month,1,Mailed check,7,Yes
LYSAB99031,1,0,0,H,73.150,Oui,Yes,Fibre,1305.950,Month-to-month,1,Electronic check,18,No
QLHBO31563,0,0,1,H,19.250,Oui,No,Non,48.350,Month-to-month,0,Mailed check,2,No
NTRKC53214,1,0,1,H,79.850,Oui,Yes,ADSL,5234.950,Two year,0,Bank transfer (automatic),66,No
UDSIH10875,0,0,0,F,19.600,Oui,No,Non,59.750,Month-to-month,1,Mailed check,3,Yes
QHBJS73995,1,0,1,F,66.750,Oui,Yes,ADSL,4760.300,Two year,0,Credit card (automatic),72,No
IRGQE07494,1,1,0,F,45.300,Non,No phone service,ADSL,528.450,Month-to-month,0,Electronic check,13,No
NKRSO29603,0,0,0,H,85.950,Oui,No,Fibre,2107.150,Month-to-month,1,Electronic check,24,No
ULTTN46549,1,0,0,H,74.800,Oui,Yes,ADSL,5315.800,Two year,1,Credit card (automatic),70,No
WZCLW97154,1,0,1,H,97.200,Oui,Yes,Fibre,6910.300,Two year,1,Electronic check,71,No
ZSEXG66816,1,0,0,H,59.500,Oui,Yes,ADSL,3389.250,Two year,0,Credit card (automatic),56,No
AOMKI90257,0,0,0,F,93.550,Oui,Yes,Fibre,536.400,Month-to-month,1,Bank transfer (automatic),6,Yes
DXTCG50776,0,0,0,F,45.300,Oui,No,ADSL,45.300,Month-to-month,1,Electronic check,1,Yes
ZTHBR40123,1,0,1,F,44.950,Oui,No,ADSL,926.250,Month-to-month,1,Electronic check,21,No
CBDKJ76833,1,0,1,H,65.450,Oui,No,ADSL,937.600,Month-to-month,1,Electronic check,14,Yes
LGSMF07087,1,0,0,H,65.850,Oui,Yes,ADSL,902.250,Month-to-month,1,Electronic check,13,No
BQKGS02159,0,0,0,H,84.300,Oui,No,Fibre,2438.600,Month-to-month,1,Credit card (automatic),30,No
UJPWO42361,0,0,0,F,24.500,Non,No phone service,ADSL,46.400,Month-to-month,0,Electronic check,2,No
ABQFQ68153,1,0,0,H,107.250,Oui,Yes,Fibre,6033.300,One year,1,Electronic check,56,No
PGHBZ02482,0,1,0,F,92.450,Oui,No,Fibre,6140.850,Two year,1,Bank transfer (automatic),67,No
URJFX26269,1,0,1,H,50.900,Oui,Yes,ADSL,225.600,Month-to-month,1,Electronic check,4,Yes
HRZSV90587,1,1,0,F,94.400,Oui,No,Fibre,6126.150,Month-to-month,0,Electronic check,65,No
LRGXK37162,1,0,0,H,101.150,Oui,Yes,Fibre,6067.400,Two year,0,Credit card (automatic),60,No
OIADY25687,1,0,0,F,99.500,Oui,Yes,Fibre,3762.000,Month-to-month,1,Electronic check,37,Yes
BPHHN76064,0,0,0,H,19.800,Oui,No,Non,1468.750,Two year,1,Credit card (automatic),72,No
HKOKL32537,1,0,1,F,100.300,Oui,No,Fibre,5244.450,One year,0,Electronic check,52,No
TWKGI36065,0,1,0,H,106.900,Oui,Yes,Fibre,1364.300,Month-to-month,1,Electronic check,13,Yes
NHVHI40075,0,1,0,F,96.850,Oui,Yes,Fibre,5219.650,Month-to-month,1,Electronic check,56,No
IZYOZ48072,0,0,0,F,20.650,Oui,No,Non,1020.750,Two year,0,Bank transfer (automatic),51,No
JKUJR02741,1,0,1,H,58.850,Non,No phone service,ADSL,465.700,Month-to-month,0,Mailed check,7,No
FCCNB59352,0,1,0,F,94.200,Oui,Yes,Fibre,1608.150,Month-to-month,1,Electronic check,17,No
KWEWW23332,0,0,0,H,20.050,Oui,No,Non,388.600,Two year,0,Credit card (automatic),18,No
IPXPJ71037,1,0,0,H,99.400,Oui,Yes,Fibre,5059.750,One year,0,Electronic check,50,No
BXTTY60358,0,1,0,F,54.650,Oui,No,ADSL,1830.100,Month-to-month,0,Bank transfer (automatic),32,No
JXVKY37651,0,0,0,F,74.700,Oui,No,Fibre,74.700,Month-to-month,1,Electronic check,1,Yes
QRRQV29275,1,0,0,H,94.650,Oui,Yes,Fibre,4312.500,One year,1,Electronic check,46,No
MIZBN31814,1,0,1,H,19.750,Oui,No,Non,313.400,Month-to-month,0,Electronic check,16,No
GSIKN09685,0,0,0,F,70.800,Oui,No,Fibre,70.800,Month-to-month,1,Mailed check,1,Yes
UXFAP04222,1,0,0,F,98.850,Oui,Yes,Fibre,4947.550,One year,1,Electronic check,51,No
BJKTZ40167,0,0,0,F,108.900,Oui,Yes,Fibre,2809.050,Two year,0,Electronic check,25,No
QSDED93271,0,0,0,H,43.550,Oui,No,ADSL,335.400,Month-to-month,0,Mailed check,8,No
FCRQD78415,1,0,0,F,53.750,Oui,No,ADSL,1857.300,One year,1,Credit card (automatic),33,No
DMVAS70544,0,0,0,H,65.300,Oui,No,ADSL,3512.900,Two year,1,Bank transfer (automatic),54,No
WPIVQ10926,1,0,1,F,25.100,Oui,Yes,Non,428.450,Two year,0,Mailed check,18,No
KIAFH87636,1,0,1,F,20.550,Oui,No,Non,583.300,One year,1,Mailed check,27,No
MRKPI28988,1,0,1,H,101.050,Oui,Yes,Fibre,6770.500,One year,1,Credit card (automatic),68,No
TPMIB06036,1,0,1,F,25.450,Oui,Yes,Non,1534.050,Two year,0,Mailed check,59,No
QHAIO80232,1,1,0,F,76.850,Oui,Yes,Fibre,4275.750,Month-to-month,1,Bank transfer (automatic),56,No
XCCTE07954,0,1,0,H,25.400,Oui,Yes,Non,1809.350,Two year,0,Bank transfer (automatic),72,No
SAFNS24533,0,1,0,F,72.100,Oui,Yes,ADSL,3886.050,One year,0,Mailed check,54,No
LMJXE51761,0,0,0,F,20.550,Oui,No,Non,945.700,Two year,1,Mailed check,47,No
KELSS65986,0,0,1,H,43.050,Non,No phone service,ADSL,2208.050,One year,1,Bank transfer (automatic),50,No
DTAYD62578,1,0,0,H,104.150,Oui,Yes,Fibre,7365.300,Two year,1,Credit card (automatic),71,No
OJQZP26727,0,0,0,F,44.750,Oui,No,ADSL,44.750,Month-to-month,0,Mailed check,1,No
HTRDR13206,0,0,0,F,75.500,Oui,Yes,Fibre,220.600,Month-to-month,1,Electronic check,3,Yes
NDUCW92364,0,0,0,F,35.100,Non,No phone service,ADSL,770.400,Two year,0,Mailed check,21,No
ORXQS02776,1,0,1,H,50.550,Non,No phone service,ADSL,3364.550,Two year,0,Bank transfer (automatic),66,No
ARGBX94126,0,0,1,F,95.500,Oui,No,Fibre,4627.850,Two year,1,Mailed check,48,Yes
MPHTR86346,1,1,0,H,100.050,Oui,Yes,Fibre,4871.050,Month-to-month,1,Electronic check,47,Yes
EAHXY15992,1,0,1,H,23.950,Oui,Yes,Non,1506.400,One year,0,Credit card (automatic),60,No
IJORQ29112,0,0,0,H,90.600,Oui,Yes,ADSL,3358.650,One year,1,Bank transfer (automatic),37,No
WDXMV29112,0,0,1,H,80.550,Oui,Yes,Fibre,1406.650,Month-to-month,1,Credit card (automatic),18,No
KWJKQ17759,1,0,1,H,89.850,Oui,Yes,ADSL,6562.900,Two year,0,Credit card (automatic),72,No
ZLFKO86226,1,0,0,F,90.750,Oui,Yes,Fibre,512.250,Month-to-month,1,Electronic check,6,No
ORCHU81666,1,1,0,H,93.550,Oui,No,Fibre,3055.500,One year,1,Electronic check,33,No
NSBBO85476,0,0,0,H,96.750,Oui,Yes,Fibre,3403.400,Month-to-month,1,Mailed check,35,No
XPXBW37141,0,0,0,F,78.900,Oui,Yes,ADSL,2976.950,Month-to-month,1,Credit card (automatic),37,No
YBDOE80623,0,1,0,H,69.650,Oui,No,Fibre,69.650,Month-to-month,1,Electronic check,1,Yes
ABOBJ58468,1,0,0,H,24.450,Oui,Yes,Non,1730.650,Two year,0,Bank transfer (automatic),71,No
PHQSR91211,1,1,0,H,85.050,Oui,Yes,Fibre,1391.150,Month-to-month,1,Credit card (automatic),16,No
HGMLP51885,1,1,0,H,74.000,Oui,Yes,Fibre,3919.150,Month-to-month,0,Bank transfer (automatic),54,No
VDGRK64791,1,0,1,F,85.300,Oui,No,ADSL,6129.200,Two year,0,Bank transfer (automatic),72,No
OSKWT81049,0,0,0,F,79.800,Oui,Yes,Fibre,1001.200,Month-to-month,1,Electronic check,12,No
BQGKU76737,1,0,1,F,20.150,Oui,No,Non,1337.500,Two year,0,Bank transfer (automatic),69,No
CGRHZ20349,0,1,0,H,102.950,Oui,Yes,Fibre,2496.700,Month-to-month,1,Credit card (automatic),24,Yes
WYLWJ26671,1,0,1,F,19.750,Oui,No,Non,145.000,One year,1,Mailed check,8,Yes
HDMKP10894,0,1,1,H,54.550,Oui,No,ADSL,601.250,Month-to-month,1,Electronic check,11,No
QHXHL45707,0,0,0,F,43.750,Oui,No,ADSL,405.700,Month-to-month,1,Electronic check,9,No
MRZQR16896,1,0,1,H,78.300,Oui,No,Fibre,2564.300,Month-to-month,0,Electronic check,34,Yes
YRMTT87805,0,0,0,F,47.400,Non,No phone service,ADSL,3177.250,Two year,1,Mailed check,66,No
NQLJU09362,1,0,0,F,20.650,Oui,No,Non,875.550,Two year,0,Credit card (automatic),41,No
XOTMO20968,1,0,1,F,19.350,Oui,No,Non,275.900,Month-to-month,0,Mailed check,16,No
NNYNB31977,0,0,0,H,105.100,Oui,Yes,Fibre,6631.850,Two year,0,Credit card (automatic),65,No
CHIWJ52148,0,0,0,H,20.300,Oui,No,Non,595.050,One year,0,Mailed check,27,No
EVGZL20569,1,0,1,H,105.750,Oui,No,Fibre,7322.500,One year,0,Credit card (automatic),68,No
LSUEL81183,0,1,0,H,106.400,Oui,Yes,Fibre,2483.500,Month-to-month,1,Electronic check,23,Yes
DZTGQ88595,0,0,0,H,20.350,Oui,No,Non,689.750,Two year,0,Mailed check,33,No
WWKDU87398,0,1,0,H,89.500,Oui,Yes,Fibre,2196.150,Month-to-month,1,Electronic check,25,Yes
XBAVJ20402,1,0,1,H,114.450,Oui,Yes,Fibre,8100.550,Two year,0,Bank transfer (automatic),72,No
LEVMQ48848,1,0,0,H,20.450,Oui,No,Non,790.000,Two year,1,Bank transfer (automatic),39,No
HGRML08475,0,0,1,H,20.000,Oui,No,Non,1250.100,Two year,0,Bank transfer (automatic),62,No
DAAHE06074,0,0,1,H,19.750,Oui,No,Non,1052.350,Two year,0,Bank transfer (automatic),53,Yes
DWVTU03206,0,0,0,F,99.500,Oui,No,Fibre,5424.250,Two year,0,Mailed check,53,No
WYKIR32304,0,0,0,H,82.000,Oui,Yes,ADSL,1425.450,One year,1,Credit card (automatic),18,Yes
DWPIL58281,1,1,0,H,89.100,Oui,Yes,Fibre,5618.300,Month-to-month,1,Electronic check,62,No
IZIKN35121,1,0,0,F,65.300,Oui,Yes,ADSL,4759.750,Two year,0,Credit card (automatic),70,Yes
UTMVM83293,0,1,0,H,104.650,Oui,Yes,Fibre,2964.000,One year,1,Bank transfer (automatic),27,No
KKTFG87155,1,0,0,F,103.300,Oui,Yes,Fibre,6518.350,One year,1,Bank transfer (automatic),61,No
VRFOL66469,1,1,0,H,103.850,Oui,Yes,Fibre,5485.500,Month-to-month,1,Electronic check,53,Yes
SDMBN08773,0,0,0,F,103.950,Oui,Yes,Fibre,5639.050,One year,1,Bank transfer (automatic),54,Yes
QRQSA18918,1,1,1,H,111.600,Oui,Yes,Fibre,7099.000,Two year,1,Bank transfer (automatic),64,No
XRMYR65434,0,1,0,F,99.700,Oui,Yes,Fibre,2967.350,Month-to-month,1,Electronic check,30,Yes
DACFT63402,1,0,1,F,20.550,Oui,No,Non,1070.250,Two year,0,Credit card (automatic),50,No
SIWJI68071,0,0,0,H,104.850,Oui,Yes,Fibre,3887.250,One year,1,Electronic check,38,No
CLDSV77305,1,0,1,F,98.650,Oui,Yes,Fibre,7129.450,Two year,1,Bank transfer (automatic),72,No
SLLHI81113,1,1,0,H,105.650,Oui,Yes,Fibre,4284.800,Month-to-month,1,Electronic check,39,Yes
FCPUF00969,0,0,0,H,64.500,Oui,Yes,ADSL,1888.450,Month-to-month,1,Mailed check,30,No
LHYNC15971,0,1,0,F,95.000,Oui,Yes,Fibre,2497.200,Month-to-month,1,Electronic check,26,Yes
YPVBX81321,0,0,0,F,85.950,Oui,No,Fibre,514.600,Month-to-month,1,Mailed check,6,No
BMWUB11202,0,0,0,F,53.900,Oui,No,ADSL,834.150,Month-to-month,1,Mailed check,16,Yes
HRVFF07436,1,0,1,F,56.150,Non,No phone service,ADSL,2898.950,One year,1,Electronic check,51,No
RBFON92541,1,0,1,F,98.600,Oui,No,Fibre,1704.950,One year,0,Bank transfer (automatic),17,Yes
RFVNS63724,1,0,0,F,78.800,Oui,No,Fibre,78.800,Month-to-month,0,Electronic check,1,Yes
QQRQD36352,0,0,0,H,20.050,Oui,No,Non,1201.650,Two year,1,Credit card (automatic),62,No
WRFHY62539,1,0,1,H,64.750,Oui,No,ADSL,877.350,One year,1,Electronic check,13,No
KPNCU76901,1,0,1,H,73.050,Oui,No,ADSL,4688.650,One year,1,Credit card (automatic),64,No
LXGYX73986,1,0,0,H,84.800,Oui,Yes,Fibre,3626.350,Month-to-month,1,Credit card (automatic),44,No
WLCLA07713,1,0,1,F,112.950,Oui,Yes,Fibre,1882.550,Month-to-month,1,Electronic check,16,No
FOMUK95783,0,0,1,H,24.800,Oui,Yes,Non,324.150,Month-to-month,1,Electronic check,15,No
NKLAV76651,1,0,1,F,40.650,Non,No phone service,ADSL,1547.350,Two year,0,Credit card (automatic),36,No
SCPZG97255,0,0,1,H,90.850,Oui,No,Fibre,90.850,Month-to-month,1,Electronic check,1,Yes
GWQGF35098,0,1,0,H,70.000,Oui,No,Fibre,1732.600,Month-to-month,0,Credit card (automatic),24,No
AEOZE71144,0,0,0,F,19.850,Oui,No,Non,1128.100,Two year,0,Bank transfer (automatic),60,No
AESKG50952,1,0,0,F,91.500,Oui,Yes,Fibre,242.950,Month-to-month,1,Credit card (automatic),3,Yes
QAWRZ01129,1,0,1,H,90.800,Oui,Yes,Fibre,1442.200,Month-to-month,1,Bank transfer (automatic),16,No
ITNPC54853,1,0,0,H,85.900,Oui,No,ADSL,5595.300,Two year,1,Bank transfer (automatic),66,No
BESNZ98211,0,0,0,H,104.250,Oui,Yes,Fibre,6860.600,One year,1,Electronic check,66,No
PSNGL37057,0,0,0,H,20.400,Oui,No,Non,930.450,One year,1,Electronic check,45,Yes
BAILX50996,1,1,1,H,110.750,Oui,Yes,Fibre,4687.900,Month-to-month,1,Bank transfer (automatic),43,Yes
ZNWYK39963,1,1,1,H,19.800,Oui,No,Non,1388.450,Two year,0,Credit card (automatic),71,No
SLKDQ28336,0,0,0,H,45.050,Oui,No,ADSL,45.050,Month-to-month,0,Mailed check,1,Yes
LYEPQ34226,1,0,1,H,71.000,Oui,No,Fibre,71.000,Month-to-month,1,Electronic check,1,Yes
SSVHJ46122,0,1,0,F,81.450,Oui,No,Fibre,1671.600,Month-to-month,1,Electronic check,20,No
NHHVC99066,0,1,0,F,53.500,Non,No phone service,ADSL,3517.900,Two year,1,Bank transfer (automatic),65,No
WQKSZ30118,0,0,1,H,20.000,Oui,No,Non,377.550,Month-to-month,1,Electronic check,19,No
QCJPK98241,1,0,0,H,20.000,Oui,No,Non,666.750,One year,0,Mailed check,36,No
GGVPB73175,1,0,0,H,108.600,Oui,Yes,Fibre,7690.900,Two year,1,Credit card (automatic),71,Yes
WPTDS79321,1,1,0,F,24.800,Non,No phone service,ADSL,24.800,Month-to-month,1,Electronic check,1,Yes
OPOTK71129,0,0,0,H,68.250,Oui,No,Fibre,2171.150,Month-to-month,0,Electronic check,33,Yes
AWMDX76883,1,0,0,H,54.500,Oui,No,ADSL,3778.200,Two year,0,Bank transfer (automatic),71,No
UMLNT84748,0,0,0,F,67.800,Oui,No,ADSL,842.250,Month-to-month,0,Bank transfer (automatic),13,No
AFWVJ16274,0,0,0,F,19.400,Oui,No,Non,554.250,Two year,0,Mailed check,29,No
TRZWN49317,0,0,0,F,71.950,Oui,No,ADSL,923.850,Month-to-month,1,Electronic check,13,No
ZONAT77714,0,0,0,H,56.750,Non,No phone service,ADSL,1304.850,Two year,0,Bank transfer (automatic),22,No
XWTWQ68616,1,1,0,H,99.250,Oui,Yes,Fibre,665.450,Month-to-month,1,Electronic check,7,Yes
TYKUR11711,1,0,0,H,25.400,Oui,Yes,Non,1139.200,Month-to-month,0,Electronic check,47,No
GVYSN01429,0,0,0,H,20.300,Oui,No,Non,511.250,Month-to-month,1,Electronic check,26,No
FSOHN29311,0,1,0,H,59.900,Oui,No,ADSL,788.350,Month-to-month,1,Electronic check,13,No
JAWYF95266,0,0,0,H,89.800,Oui,No,Fibre,2335.300,Month-to-month,0,Electronic check,26,Yes
CIYFZ24105,0,0,1,H,20.400,Oui,No,Non,42.900,Month-to-month,0,Mailed check,2,No
QSHQM52618,0,0,0,F,24.450,Non,No phone service,ADSL,86.600,Month-to-month,1,Electronic check,4,Yes
PWTWO95418,0,0,0,F,80.950,Oui,Yes,ADSL,4233.950,Two year,1,Bank transfer (automatic),52,No
CXMLU13897,0,1,0,H,91.050,Oui,Yes,Fibre,289.100,Month-to-month,0,Electronic check,3,Yes
NAVAY89208,0,1,0,H,110.750,Oui,Yes,Fibre,7053.350,One year,1,Bank transfer (automatic),62,No
ZRGSG22258,1,0,1,F,93.900,Oui,Yes,Fibre,6579.050,Two year,0,Bank transfer (automatic),70,Yes
VFNEQ56784,1,0,0,F,104.100,Oui,Yes,Fibre,7412.250,One year,1,Credit card (automatic),71,No
UMJFQ41159,0,0,0,H,35.750,Non,No phone service,ADSL,2492.250,One year,1,Bank transfer (automatic),69,No
OVLKD35063,0,0,0,H,26.200,Oui,Yes,Non,954.900,One year,0,Bank transfer (automatic),35,No
HDCZY20191,1,0,0,H,102.600,Oui,Yes,Fibre,6296.750,Two year,0,Electronic check,63,No
UWKAL60484,1,1,0,F,105.400,Oui,Yes,Fibre,6998.950,Two year,0,Credit card (automatic),69,No
RAAPL62342,1,0,1,F,99.900,Oui,Yes,Fibre,7251.700,Two year,0,Bank transfer (automatic),72,No
FMXJM19109,1,0,0,F,80.400,Oui,No,Fibre,2937.650,Month-to-month,0,Electronic check,36,No
UUTFK26162,1,0,0,H,72.750,Oui,Yes,ADSL,2447.450,Month-to-month,1,Bank transfer (automatic),33,No
EDEKA87512,1,0,0,F,89.900,Oui,No,Fibre,2433.500,Month-to-month,0,Credit card (automatic),28,No
WKIIL37219,0,0,0,F,19.600,Oui,No,Non,561.150,Two year,1,Mailed check,27,No
OOPOS89852,0,0,0,F,74.100,Oui,No,ADSL,74.100,One year,0,Credit card (automatic),1,No
BFTJW35116,1,0,1,H,38.500,Non,No phone service,ADSL,2763.000,Two year,0,Credit card (automatic),72,No
DSHVC31346,0,0,0,F,98.000,Oui,Yes,Fibre,6218.450,Two year,0,Credit card (automatic),63,No
OLQDC06037,0,0,1,H,69.850,Oui,No,ADSL,837.500,Month-to-month,1,Mailed check,12,No
GXIDD86123,1,0,1,H,25.400,Oui,Yes,Non,313.000,Two year,1,Bank transfer (automatic),12,No
HQNTS09079,1,1,0,F,113.000,Oui,Yes,Fibre,7987.600,Two year,1,Credit card (automatic),70,No
IXRMC77545,0,0,0,F,45.350,Oui,No,ADSL,45.350,Month-to-month,0,Mailed check,1,No
MGTUK56266,0,0,0,F,89.100,Oui,Yes,Fibre,1879.250,Month-to-month,1,Bank transfer (automatic),20,No
WNFNO48361,1,0,0,F,25.000,Oui,Yes,Non,1849.200,Two year,0,Credit card (automatic),72,No
YMTOB60342,0,0,0,F,75.650,Oui,No,Fibre,399.450,Month-to-month,1,Mailed check,5,No
MZVAU16969,1,0,1,H,25.250,Non,No phone service,ADSL,947.750,One year,1,Credit card (automatic),39,No
FLBER69077,0,0,0,H,54.300,Oui,Yes,ADSL,54.300,Month-to-month,0,Electronic check,1,No
PSJOX65868,0,0,1,H,55.200,Oui,No,ADSL,864.550,One year,0,Credit card (automatic),15,No
PSYVW52967,1,0,0,F,24.550,Oui,Yes,Non,1750.700,Two year,0,Electronic check,72,No
EFVKN61227,0,0,1,H,35.750,Non,No phone service,ADSL,830.800,Two year,0,Mailed check,24,No
YODCF40974,0,0,1,H,103.800,Oui,Yes,Fibre,3470.800,One year,1,Electronic check,34,No
NXJYS08727,0,0,0,F,79.550,Oui,No,Fibre,723.400,Month-to-month,1,Electronic check,9,Yes
MSEGF31468,1,1,1,F,88.050,Oui,Yes,ADSL,6425.650,Two year,1,Credit card (automatic),72,No
LTCYT10459,1,0,1,F,21.050,Oui,No,Non,139.750,Month-to-month,0,Credit card (automatic),8,No
KQHNK06619,1,0,1,F,19.000,Oui,No,Non,105.500,One year,0,Credit card (automatic),6,No
VTNRE67118,0,0,0,F,87.550,Oui,No,Fibre,3078.100,Month-to-month,1,Electronic check,36,Yes
KFRXN43129,1,0,0,H,25.400,Oui,Yes,Non,1710.900,Two year,0,Mailed check,72,No
DMGBH05871,0,0,0,F,49.850,Oui,No,ADSL,365.550,Month-to-month,1,Electronic check,8,Yes
TPKJO67254,0,0,0,H,20.050,Oui,No,Non,845.250,Two year,0,Mailed check,44,No
FJLIB86306,0,0,0,F,69.800,Oui,No,Fibre,1221.650,Month-to-month,1,Electronic check,18,No
IIQKO00896,1,0,1,F,99.950,Oui,Yes,Fibre,3767.400,Month-to-month,1,Credit card (automatic),39,No
DRORA47423,1,0,1,H,95.400,Oui,Yes,Fibre,5812.000,One year,1,Bank transfer (automatic),60,No
QRDMV87796,0,1,0,H,39.650,Non,No phone service,ADSL,39.650,Month-to-month,1,Electronic check,1,Yes
YXDMZ70474,0,0,0,H,20.000,Oui,No,Non,417.700,Month-to-month,0,Mailed check,21,No
GOGZG69012,0,0,1,H,84.950,Oui,Yes,ADSL,4984.850,Two year,1,Electronic check,60,No
JZNKR12264,1,0,1,F,19.800,Oui,No,Non,160.050,One year,0,Electronic check,8,No
MBJPT56661,0,0,0,H,25.100,Oui,Yes,Non,1725.000,Two year,1,Bank transfer (automatic),65,No
JCZSP98672,1,0,1,F,20.750,Oui,No,Non,418.250,One year,0,Mailed check,17,No
UOTXU16995,0,0,0,H,61.400,Oui,No,ADSL,3638.250,Two year,0,Electronic check,60,No
EDSEW49466,1,0,1,F,19.250,Oui,No,Non,180.300,Month-to-month,1,Mailed check,11,Yes
JANOW17966,0,0,0,F,19.950,Oui,No,Non,38.150,Month-to-month,0,Mailed check,2,No
YLDGW55192,1,0,0,F,103.900,Oui,Yes,Fibre,2254.200,Month-to-month,1,Electronic check,21,Yes
LKBCI74691,0,0,0,H,18.950,Oui,No,Non,326.800,Two year,0,Credit card (automatic),16,No
VLDHH35692,1,0,1,H,75.100,Oui,No,ADSL,5013.000,One year,1,Electronic check,66,No
XEUJM29339,0,0,0,F,79.200,Oui,Yes,ADSL,3593.800,Two year,0,Mailed check,46,No
WSIUR55049,0,0,0,F,90.250,Oui,Yes,Fibre,6385.950,One year,1,Bank transfer (automatic),70,No
WCEWR65855,1,0,1,H,20.350,Oui,No,Non,1354.400,Two year,0,Electronic check,72,No
SVFUD41462,0,0,0,H,44.600,Oui,No,ADSL,44.600,Month-to-month,0,Mailed check,1,No
SVCWR57013,0,0,1,F,24.000,Oui,Yes,Non,24.000,Month-to-month,0,Mailed check,1,No
RVYBB48227,0,1,0,H,100.600,Oui,Yes,Fibre,819.400,Month-to-month,1,Electronic check,8,Yes
JNRAZ88057,0,0,0,F,49.200,Oui,No,ADSL,103.700,Month-to-month,0,Mailed check,2,No
MHOOC33087,0,0,1,H,19.200,Oui,No,Non,19.200,Month-to-month,1,Mailed check,1,No
BZYFP43781,0,0,0,H,20.500,Oui,No,Non,365.800,One year,1,Mailed check,17,No
ECLEN98308,1,0,1,H,50.000,Non,No phone service,ADSL,2919.850,One year,0,Mailed check,58,No
XNPPH15136,0,0,0,F,89.400,Oui,No,Fibre,1095.650,Month-to-month,1,Electronic check,12,Yes
HSCJH43981,0,0,0,F,63.600,Oui,Yes,ADSL,155.650,Month-to-month,1,Electronic check,3,Yes
EHCDL75957,1,0,1,H,50.600,Non,No phone service,ADSL,1653.450,Month-to-month,0,Credit card (automatic),32,No
LNLDJ52152,1,0,1,F,24.700,Non,No phone service,ADSL,149.050,Month-to-month,1,Electronic check,7,No
SJJJK76776,1,0,1,H,19.900,Oui,No,Non,153.950,One year,0,Credit card (automatic),8,No
RRAMN99922,1,0,0,H,85.100,Oui,Yes,Fibre,1873.700,Month-to-month,1,Electronic check,22,Yes
FEGFD62427,1,0,0,H,96.600,Oui,Yes,Fibre,6424.250,Two year,0,Mailed check,66,No
CJUST39565,0,1,0,F,75.400,Oui,No,Fibre,1643.550,Month-to-month,1,Bank transfer (automatic),23,No
JJWUY48443,0,1,0,F,86.000,Oui,No,Fibre,86.000,Month-to-month,1,Electronic check,1,Yes
TTEPD37033,0,0,0,H,65.350,Oui,No,ADSL,1424.400,Month-to-month,0,Bank transfer (automatic),21,No
YMKNA42823,0,0,0,F,74.750,Oui,Yes,Fibre,706.600,Month-to-month,1,Electronic check,9,Yes
QCKFX61039,1,0,1,F,56.250,Oui,No,ADSL,2419.550,Month-to-month,0,Bank transfer (automatic),44,No
OACRM46319,0,1,0,H,79.400,Oui,No,Fibre,1156.100,Month-to-month,1,Electronic check,15,Yes
OBUET34707,1,0,1,F,74.000,Oui,Yes,ADSL,4868.400,Two year,0,Credit card (automatic),67,No
QNSRW29294,1,0,0,F,98.250,Oui,Yes,Fibre,5508.350,One year,1,Electronic check,56,Yes
OETYL78539,1,0,0,F,29.050,Non,No phone service,ADSL,129.600,Month-to-month,1,Electronic check,4,No
YKDPV53183,1,0,1,H,79.150,Oui,No,ADSL,3566.600,Two year,1,Credit card (automatic),43,No
HFHSN42386,1,1,0,H,82.150,Oui,Yes,Fibre,4904.850,Month-to-month,1,Electronic check,61,No
NWPGU92097,0,0,0,H,65.400,Oui,No,ADSL,2774.550,One year,0,Electronic check,44,No
JNQEQ50222,1,0,1,F,75.850,Oui,No,Fibre,647.500,Month-to-month,1,Electronic check,9,No
TCTST60075,1,0,1,F,115.800,Oui,Yes,Fibre,8476.500,Two year,1,Bank transfer (automatic),72,No
EQXFO83571,0,0,0,F,95.350,Oui,No,Fibre,660.900,Month-to-month,1,Electronic check,7,Yes
PPVKW35892,0,0,0,H,44.400,Oui,No,ADSL,348.150,Month-to-month,1,Mailed check,9,No
DYCWE15746,1,0,1,F,19.950,Oui,No,Non,1028.750,Two year,0,Mailed check,51,No
IEZLT49998,0,0,0,H,29.450,Non,No phone service,ADSL,1983.150,One year,0,Credit card (automatic),66,No
BWPAY44035,0,0,0,H,24.800,Oui,Yes,Non,321.700,One year,1,Credit card (automatic),14,No
EJZDW14949,1,0,1,F,20.150,Oui,No,Non,220.800,Two year,0,Mailed check,10,No
HGEDE97663,1,0,0,F,19.350,Oui,No,Non,307.000,One year,0,Mailed check,17,No
WXVWF47242,0,0,0,H,95.400,Oui,Yes,Fibre,4445.300,Month-to-month,1,Electronic check,48,No
NUJUR54696,0,0,0,H,19.950,Oui,No,Non,373.500,Two year,1,Mailed check,19,No
IQWNM17243,0,0,1,H,19.300,Oui,No,Non,19.300,Month-to-month,1,Mailed check,1,No
PNYSD80439,1,0,1,H,19.550,Oui,No,Non,1245.600,Two year,0,Mailed check,63,No
FQAJX67348,0,1,0,H,105.050,Oui,No,Fibre,7171.700,Two year,1,Electronic check,67,No
YWNHU97865,1,0,1,F,63.550,Oui,No,ADSL,4014.200,Two year,0,Mailed check,63,No
ZRHKE87607,1,1,1,F,69.200,Oui,Yes,ADSL,4982.500,One year,0,Electronic check,71,No
AMTUL27037,1,0,1,H,53.650,Oui,No,ADSL,1939.350,One year,0,Mailed check,36,No
PARNH45832,1,1,0,H,91.550,Oui,No,Fibre,1540.050,Month-to-month,1,Electronic check,16,No
LBFDP69423,0,0,0,F,20.550,Oui,No,Non,33.600,Month-to-month,1,Mailed check,2,No
OYKCT72034,0,0,0,H,104.950,Oui,Yes,Fibre,7544.300,One year,1,Electronic check,72,No
CANJF91436,1,0,1,F,55.150,Oui,No,ADSL,1319.850,Month-to-month,0,Electronic check,24,No
HKXJQ17232,0,0,0,H,101.750,Oui,Yes,Fibre,4273.450,Month-to-month,1,Electronic check,42,Yes
RPLQZ66196,1,0,1,F,20.850,Oui,No,Non,892.150,Two year,0,Mailed check,45,No
QRGMF47918,1,0,0,H,99.500,Oui,Yes,Fibre,5961.100,One year,1,Bank transfer (automatic),59,Yes
VOIFY67282,1,0,0,F,96.000,Oui,No,Fibre,6109.750,One year,1,Electronic check,63,No
KJSQF20819,0,0,0,H,20.250,Oui,No,Non,20.250,Month-to-month,1,Mailed check,1,No
AVTKU33978,0,0,0,H,60.000,Oui,No,ADSL,2548.550,Two year,1,Electronic check,43,No
HITVU63653,1,0,1,F,87.250,Oui,No,ADSL,6328.700,Two year,0,Credit card (automatic),71,No
XVDAM26043,0,0,0,F,43.800,Oui,No,ADSL,540.950,Month-to-month,0,Bank transfer (automatic),12,No
VVUVK04877,1,0,1,H,19.150,Oui,No,Non,477.600,Month-to-month,1,Mailed check,25,No
GULJQ66565,1,0,1,H,83.550,Oui,Yes,ADSL,6093.300,Two year,1,Credit card (automatic),72,No
SFQVE65993,0,0,0,F,55.000,Oui,No,ADSL,340.400,Month-to-month,1,Electronic check,6,No
WKSHP67549,0,0,1,H,25.350,Oui,Yes,Non,723.300,One year,0,Bank transfer (automatic),30,No
IWKGC61996,1,1,0,F,100.250,Oui,Yes,Fibre,4753.850,One year,0,Electronic check,46,No
AVQYL62219,0,0,0,H,73.250,Oui,Yes,Fibre,131.050,Month-to-month,1,Credit card (automatic),2,Yes
IXDXV56309,0,0,0,F,106.350,Oui,Yes,Fibre,4849.100,Month-to-month,1,Electronic check,47,No
KEFQE73403,1,0,1,F,34.200,Non,No phone service,ADSL,1782.000,Two year,0,Bank transfer (automatic),51,No
NKVRU55423,0,0,0,F,20.750,Oui,No,Non,844.450,Two year,1,Bank transfer (automatic),42,No
DVPZG45533,1,0,0,F,101.350,Oui,Yes,Fibre,6164.700,Month-to-month,1,Electronic check,62,No
GMVBW19259,0,0,0,F,20.550,Oui,No,Non,96.100,Month-to-month,0,Credit card (automatic),5,No
BIIGN98227,1,0,1,H,71.850,Oui,Yes,ADSL,3827.900,Month-to-month,0,Electronic check,53,No
ANCRX91721,0,0,0,F,98.700,Oui,Yes,Fibre,973.250,Month-to-month,1,Electronic check,10,Yes
VADHF46951,1,0,1,H,57.450,Oui,No,ADSL,990.850,Month-to-month,0,Electronic check,18,Yes
ZGWVE39306,0,0,0,H,19.750,Oui,No,Non,19.750,Month-to-month,0,Mailed check,1,No
MNSMJ10841,1,0,1,F,85.500,Oui,No,ADSL,4421.950,Two year,0,Credit card (automatic),51,No
UOCWF37337,1,1,0,H,85.550,Oui,Yes,Fibre,5251.750,One year,1,Bank transfer (automatic),61,No
JSVBO82425,0,0,0,H,44.650,Oui,No,ADSL,322.500,Month-to-month,1,Bank transfer (automatic),7,No
RVTGV38044,1,0,1,H,103.850,Oui,Yes,Fibre,5017.900,Month-to-month,1,Bank transfer (automatic),50,Yes
UKFRE39045,0,0,0,H,80.100,Oui,Yes,Fibre,336.150,Month-to-month,1,Electronic check,4,No
VZQLC72481,0,1,0,F,85.200,Oui,Yes,Fibre,3969.350,Month-to-month,1,Bank transfer (automatic),47,Yes
KXZGU02577,1,0,1,F,62.450,Oui,Yes,ADSL,2045.550,Month-to-month,0,Bank transfer (automatic),32,No
WFVYW27379,0,0,0,F,45.250,Non,No phone service,ADSL,85.500,Month-to-month,1,Electronic check,2,Yes
TJHOV56498,1,1,0,H,36.500,Non,No phone service,ADSL,1032.000,Month-to-month,0,Bank transfer (automatic),27,Yes
BZCKL43245,1,0,1,F,55.550,Oui,No,ADSL,551.300,Month-to-month,1,Mailed check,10,No
HECPR54944,0,0,0,F,80.250,Oui,No,Fibre,80.250,Month-to-month,1,Electronic check,1,Yes
HURJB05474,0,0,1,H,21.050,Oui,No,Non,235.800,Month-to-month,0,Credit card (automatic),12,No
HZZCX72392,0,0,0,H,19.750,Oui,No,Non,19.750,Month-to-month,0,Mailed check,1,Yes
KVLLG46989,0,1,0,F,19.600,Oui,No,Non,967.900,Two year,0,Credit card (automatic),51,No
QZTCO03192,1,0,1,F,58.700,Oui,No,ADSL,168.600,Month-to-month,1,Credit card (automatic),3,No
QHXHZ40565,1,0,1,F,107.450,Oui,Yes,Fibre,7576.700,Two year,0,Mailed check,72,No
MOSGF04158,0,0,0,F,44.400,Oui,No,ADSL,44.400,Month-to-month,0,Mailed check,1,Yes
TWQLB64322,1,0,0,H,85.400,Oui,Yes,Fibre,401.100,Month-to-month,1,Electronic check,5,Yes
XAIEM10694,0,1,0,F,85.050,Oui,Yes,Fibre,85.050,Month-to-month,1,Electronic check,1,Yes
CJKBA17678,0,0,0,H,25.100,Oui,Yes,Non,1697.700,Two year,0,Mailed check,66,No
VPWQQ90687,1,0,0,H,75.350,Oui,Yes,ADSL,4729.300,Two year,0,Credit card (automatic),61,No
XYFCQ88183,1,0,1,H,99.550,Oui,Yes,Fibre,3204.650,Month-to-month,1,Credit card (automatic),32,Yes
UDCOI87476,1,0,0,F,19.350,Oui,No,Non,1319.950,Two year,0,Bank transfer (automatic),65,No
YCXWZ98253,0,1,0,F,101.100,Oui,No,Fibre,4016.200,One year,1,Bank transfer (automatic),41,No
MGINA21145,0,0,0,F,89.800,Oui,No,Fibre,1129.100,Month-to-month,1,Mailed check,14,Yes
YGNOR22824,0,0,0,F,58.000,Oui,No,ADSL,1734.500,One year,0,Credit card (automatic),29,No
MYEJZ82296,0,0,0,F,51.200,Oui,No,ADSL,498.250,Month-to-month,0,Electronic check,10,No
QICIH48834,1,0,1,H,69.750,Oui,No,Fibre,2347.900,Month-to-month,1,Bank transfer (automatic),32,Yes
YTFGE97883,0,0,0,H,19.950,Oui,No,Non,147.500,Month-to-month,1,Mailed check,7,No
IFLEM34298,0,0,0,F,77.350,Oui,No,ADSL,5550.100,Two year,0,Credit card (automatic),71,No
PHJVR76494,0,0,0,H,19.500,Oui,No,Non,226.800,One year,0,Mailed check,11,No
TSPHQ08161,0,0,0,H,20.750,Oui,No,Non,44.200,Month-to-month,0,Mailed check,2,No
KFGYD82674,0,0,1,H,21.050,Oui,No,Non,21.050,Month-to-month,1,Mailed check,1,No
NOSHQ98011,0,0,1,H,19.800,Oui,No,Non,465.450,One year,0,Mailed check,23,No
IIEBK40594,0,0,0,F,78.550,Oui,Yes,Fibre,522.950,Month-to-month,1,Bank transfer (automatic),7,No
CNWAC92586,1,0,1,F,113.650,Oui,Yes,Fibre,8166.800,Two year,0,Credit card (automatic),71,No
IXUZF53185,0,0,0,F,87.150,Oui,No,Fibre,183.750,Month-to-month,1,Bank transfer (automatic),2,Yes
ACLPL80394,1,0,1,F,68.750,Oui,No,ADSL,4888.200,Two year,0,Credit card (automatic),72,No
KEQSP48176,1,0,1,F,19.850,Oui,No,Non,1326.350,Two year,0,Bank transfer (automatic),71,No
EOYLI93918,1,1,0,H,80.450,Oui,No,Fibre,950.200,Month-to-month,1,Electronic check,12,Yes
GQRMY79631,1,0,1,F,44.300,Oui,No,ADSL,134.500,Month-to-month,0,Mailed check,3,Yes
JRSJX22273,0,0,0,F,99.150,Oui,No,Fibre,1956.400,Month-to-month,1,Bank transfer (automatic),21,No
QSVQI39816,0,0,0,H,19.700,Oui,No,Non,168.900,Month-to-month,1,Bank transfer (automatic),8,No
FEZKJ80767,0,0,0,H,19.500,Oui,No,Non,225.850,One year,0,Mailed check,10,No
SPCJV28344,1,0,0,H,84.100,Oui,No,Fibre,4348.650,Month-to-month,0,Electronic check,52,Yes
NXPSP18668,0,0,0,F,75.550,Oui,No,ADSL,2680.150,One year,1,Mailed check,36,No
LIGTA95487,1,0,0,H,81.050,Oui,No,ADSL,4747.650,Two year,1,Mailed check,61,No
JHXCE70641,1,0,1,H,20.050,Oui,No,Non,1263.900,Two year,0,Credit card (automatic),62,No
LAESQ23885,1,1,0,F,114.850,Oui,Yes,Fibre,8317.950,Two year,1,Bank transfer (automatic),72,No
BWMJX63007,1,0,0,F,93.350,Oui,Yes,Fibre,5386.500,Month-to-month,0,Electronic check,59,No
EFAEB44867,0,0,0,H,20.400,Oui,No,Non,251.650,Month-to-month,1,Electronic check,13,No
GETRM31613,1,0,1,H,90.050,Oui,Yes,Fibre,3097.000,Month-to-month,1,Credit card (automatic),34,No
AOQLM98289,1,0,1,F,45.700,Oui,No,ADSL,45.700,Month-to-month,1,Electronic check,1,Yes
KMEAS24337,0,0,0,H,54.450,Oui,Yes,ADSL,1127.350,Month-to-month,1,Electronic check,22,Yes
ZZXAW70144,1,0,0,F,24.250,Oui,Yes,Non,1732.950,Two year,1,Credit card (automatic),71,No
YGZIH45546,1,1,0,H,90.050,Oui,Yes,Fibre,4547.250,Month-to-month,0,Credit card (automatic),49,Yes
MVBAI69694,0,1,0,F,90.100,Oui,Yes,Fibre,816.800,Month-to-month,1,Electronic check,9,No
GAHQE63769,0,0,0,H,77.850,Oui,No,Fibre,299.200,Month-to-month,0,Electronic check,4,Yes
NKQLY94302,1,0,1,H,25.100,Oui,Yes,Non,1790.800,Two year,1,Credit card (automatic),72,No
ALQFH40098,0,0,0,F,99.500,Oui,No,Fibre,2369.050,Month-to-month,1,Electronic check,25,Yes
HGHWL00231,0,1,0,H,25.100,Non,No phone service,ADSL,25.100,Month-to-month,1,Electronic check,1,Yes
STUHN16864,0,0,0,H,19.800,Oui,No,Non,849.900,One year,0,Bank transfer (automatic),42,No
WSTTJ35888,0,1,0,F,99.050,Oui,Yes,Fibre,3554.600,Month-to-month,1,Electronic check,35,No
OIMXF25384,0,0,1,F,24.700,Non,No phone service,ADSL,24.700,Month-to-month,0,Mailed check,1,No
YAZOV38066,0,0,0,F,18.800,Oui,No,Non,56.000,Month-to-month,0,Mailed check,3,No
QRZMH91275,1,0,0,H,59.850,Oui,No,ADSL,2603.950,One year,1,Bank transfer (automatic),44,No
QKKTJ76077,1,0,1,H,95.000,Oui,Yes,Fibre,4368.850,One year,1,Credit card (automatic),45,No
UTDHZ86656,1,0,1,H,30.200,Non,No phone service,ADSL,30.200,Month-to-month,0,Electronic check,1,Yes
HPYZQ73981,1,0,0,H,90.550,Oui,Yes,ADSL,6404.000,Two year,0,Bank transfer (automatic),71,No
MUZON46479,1,0,0,F,95.950,Oui,No,Fibre,1745.500,Month-to-month,1,Credit card (automatic),18,No
RAURS68566,0,0,0,F,74.900,Oui,Yes,Fibre,136.050,Month-to-month,1,Mailed check,2,No
EQKIY72508,1,0,1,F,50.450,Oui,No,ADSL,50.450,Month-to-month,0,Mailed check,1,Yes
KRDVL87094,0,0,0,F,100.000,Oui,Yes,Fibre,3320.600,Month-to-month,1,Electronic check,33,No
YVNQG67018,1,0,0,H,88.700,Oui,Yes,ADSL,6301.700,Two year,1,Credit card (automatic),72,No
UGMAZ26396,0,1,0,H,56.450,Non,No phone service,ADSL,3985.350,One year,1,Electronic check,71,No
ZANRP29837,1,0,1,F,73.550,Oui,No,Fibre,145.400,Month-to-month,1,Bank transfer (automatic),2,Yes
SQWPL05087,1,0,1,F,20.100,Oui,No,Non,1087.700,Two year,1,Bank transfer (automatic),57,No
ABKHQ18341,1,0,1,F,50.950,Oui,No,ADSL,2610.650,One year,1,Bank transfer (automatic),52,No
XJGEX02803,0,0,0,H,103.700,Oui,Yes,Fibre,5036.300,Month-to-month,1,Bank transfer (automatic),49,Yes
XUZJU05192,0,0,0,F,70.750,Oui,No,Fibre,70.750,Month-to-month,0,Mailed check,1,Yes
SHXLS74343,0,0,0,F,20.900,Oui,No,Non,20.900,Month-to-month,0,Mailed check,1,Yes
VFFMN30127,1,0,1,F,20.650,Oui,No,Non,158.950,Month-to-month,0,Mailed check,7,No
IGMFD72688,0,1,0,H,93.900,Oui,Yes,Fibre,1743.900,Month-to-month,0,Bank transfer (automatic),18,No
QEBGU97176,0,0,0,H,70.300,Oui,No,Fibre,144.000,Month-to-month,1,Electronic check,2,No
HQRDG51519,1,0,0,H,55.050,Oui,Yes,ADSL,2030.750,Month-to-month,1,Mailed check,37,No
JSLRY25657,0,0,0,H,24.050,Oui,Yes,Non,24.050,Month-to-month,1,Mailed check,1,Yes
TEVTT02349,1,0,1,F,45.000,Non,No phone service,ADSL,2196.300,One year,0,Credit card (automatic),48,No
CQUMB68625,0,0,0,H,96.100,Oui,No,Fibre,3646.800,Month-to-month,1,Credit card (automatic),37,No
JSOAG78232,0,0,0,H,74.500,Oui,Yes,Fibre,217.450,Month-to-month,0,Electronic check,3,No
JZAIC98636,0,0,0,H,55.000,Oui,No,ADSL,2010.550,Month-to-month,0,Mailed check,35,Yes
UBKUZ03471,0,0,0,F,19.900,Oui,No,Non,320.450,Month-to-month,0,Mailed check,15,No
TCXTB35909,0,0,0,H,20.350,Oui,No,Non,20.350,Month-to-month,0,Mailed check,1,No
VLGOS68555,1,0,1,H,20.550,Oui,No,Non,1432.550,Two year,0,Electronic check,72,No
VQFDL20236,0,0,0,H,19.000,Oui,No,Non,348.800,Month-to-month,0,Electronic check,18,No
BMFZO01333,0,0,0,F,86.250,Oui,No,Fibre,181.650,Month-to-month,1,Electronic check,2,Yes
VJJQE30576,0,0,0,H,55.250,Oui,Yes,ADSL,1924.100,Two year,0,Mailed check,35,No
RMCQV98203,0,0,0,F,48.550,Oui,No,ADSL,501.000,Month-to-month,0,Credit card (automatic),11,Yes
NPPFS93554,0,1,0,F,78.800,Oui,No,Fibre,2006.100,Month-to-month,1,Electronic check,26,No
FBNSV98198,1,1,0,H,72.250,Oui,No,Fibre,2575.450,Month-to-month,1,Bank transfer (automatic),37,No
OBMAC03568,0,1,0,F,99.900,Oui,Yes,Fibre,5706.300,Two year,1,Bank transfer (automatic),56,No
YDSOI73068,1,0,1,H,59.750,Oui,No,ADSL,4069.900,Two year,1,Bank transfer (automatic),69,No
QJIBV10522,1,0,1,F,19.900,Oui,No,Non,1397.300,Two year,0,Credit card (automatic),71,No
PPONV84805,1,0,1,H,115.550,Oui,Yes,Fibre,7159.050,Two year,0,Bank transfer (automatic),62,No
KRHPJ85826,0,0,0,H,35.000,Non,No phone service,ADSL,1782.400,Month-to-month,1,Mailed check,50,No
JKMSI22727,1,0,1,F,110.800,Oui,Yes,Fibre,6840.950,One year,1,Electronic check,62,No
MHTEM09318,0,0,0,F,100.050,Oui,No,Fibre,5299.650,One year,1,Credit card (automatic),54,No
HKYHO40063,0,0,0,H,86.700,Oui,No,ADSL,5309.500,Two year,1,Bank transfer (automatic),63,No
JBKKT03772,1,0,1,H,57.950,Oui,No,ADSL,1271.800,Month-to-month,1,Mailed check,22,No
QNXME08397,0,0,0,F,19.400,Oui,No,Non,578.500,Two year,0,Credit card (automatic),30,No
ZROXE89965,0,1,0,H,53.500,Oui,No,ADSL,3035.800,One year,1,Electronic check,57,No
EJWYP24805,1,1,0,F,97.800,Oui,Yes,Fibre,5458.800,One year,1,Bank transfer (automatic),58,No
YVTEB95914,0,1,0,H,44.850,Non,No phone service,ADSL,2479.050,Month-to-month,1,Electronic check,55,No
CQAJN04022,0,0,0,F,101.900,Oui,Yes,Fibre,3545.350,Month-to-month,1,Bank transfer (automatic),37,Yes
MWJNE36201,0,0,0,H,54.450,Oui,No,ADSL,87.300,Month-to-month,1,Mailed check,2,No
KYGYB96815,1,1,0,H,88.200,Oui,Yes,Fibre,4159.450,Month-to-month,1,Electronic check,49,No
GGUCQ29564,1,1,0,H,78.850,Oui,Yes,Fibre,1772.250,Month-to-month,1,Electronic check,24,Yes
KFWSL63039,0,0,0,F,55.250,Oui,Yes,ADSL,1620.200,One year,1,Electronic check,29,No
REEVD94489,1,0,0,H,44.700,Oui,No,ADSL,44.700,Month-to-month,0,Credit card (automatic),1,Yes
YSJGV18416,1,0,0,H,109.950,Oui,Yes,Fibre,7852.400,Two year,1,Credit card (automatic),72,No
EOMRE24587,0,0,0,F,64.050,Oui,No,ADSL,733.950,Month-to-month,0,Bank transfer (automatic),11,No
GFSOE25757,1,0,1,F,69.000,Oui,No,Fibre,506.900,Month-to-month,1,Electronic check,7,Yes
OCKUJ81646,1,0,1,F,20.600,Oui,No,Non,1286.000,Two year,0,Mailed check,59,No
SVMTC30672,1,0,0,F,55.900,Oui,No,ADSL,3848.800,One year,0,Bank transfer (automatic),68,No
EHMNK33922,1,0,1,F,94.100,Oui,Yes,Fibre,6302.800,Two year,0,Credit card (automatic),67,No
NWEVX55618,1,1,0,F,79.200,Oui,Yes,Fibre,172.850,Month-to-month,0,Electronic check,2,Yes
ICXLW56922,0,1,0,H,90.700,Oui,Yes,Fibre,2845.150,Month-to-month,1,Electronic check,31,No
NZYEG63712,1,0,1,H,64.250,Oui,No,ADSL,1024.000,Two year,0,Mailed check,16,No
ESGRL60869,0,0,0,F,80.150,Oui,No,Fibre,80.150,Month-to-month,0,Credit card (automatic),1,Yes
NZRKS41152,0,1,0,F,89.150,Oui,No,Fibre,574.350,Month-to-month,1,Electronic check,7,No
WYQBC67285,0,0,0,H,20.950,Oui,No,Non,20.950,Month-to-month,0,Bank transfer (automatic),1,No
YRNVD44392,0,0,0,F,36.250,Non,No phone service,ADSL,374.000,Month-to-month,0,Electronic check,10,No
IVFJG01397,1,0,0,F,90.350,Oui,No,Fibre,190.500,Month-to-month,0,Electronic check,2,No
ROUAI93487,1,0,1,F,90.300,Oui,Yes,ADSL,5194.050,Two year,0,Credit card (automatic),59,No
KXVPM19803,0,1,0,F,75.050,Oui,Yes,Fibre,256.250,Month-to-month,1,Credit card (automatic),3,Yes
PATOS94533,1,0,0,F,85.100,Oui,No,ADSL,6155.400,Two year,0,Mailed check,72,No
OZCGZ72779,0,0,0,F,89.050,Oui,No,Fibre,1886.250,Month-to-month,1,Electronic check,22,No
ZIKJE57018,0,0,0,H,50.550,Oui,No,ADSL,610.750,Month-to-month,1,Mailed check,13,No
WANWK80953,0,0,0,F,45.250,Oui,No,ADSL,428.700,Month-to-month,0,Mailed check,10,No
MFVSU98857,1,0,1,F,46.350,Non,No phone service,ADSL,1662.050,Two year,1,Credit card (automatic),35,No
JFUML15452,1,0,0,H,99.000,Oui,Yes,Fibre,6994.600,Two year,1,Electronic check,71,No
EDXBD02651,1,1,0,H,74.900,Oui,Yes,Fibre,2303.350,Month-to-month,1,Electronic check,32,Yes
IWHLC31137,0,0,0,H,55.800,Oui,No,ADSL,274.350,Month-to-month,1,Mailed check,5,No
WXOAT34503,0,0,0,H,45.200,Oui,No,ADSL,2065.150,Month-to-month,1,Credit card (automatic),46,No
QIUFN48187,0,1,0,F,79.150,Oui,Yes,Fibre,1520.900,Month-to-month,1,Electronic check,20,Yes
PEQBZ97739,0,0,0,H,79.850,Oui,Yes,Fibre,797.250,Month-to-month,0,Electronic check,10,No
GOLUK45664,1,0,1,H,107.350,Oui,Yes,Fibre,5118.950,Month-to-month,1,Bank transfer (automatic),47,Yes
QFQUL99213,1,0,0,F,90.150,Oui,Yes,Fibre,2044.950,Month-to-month,0,Mailed check,23,No
KNPOO99197,1,0,0,F,94.300,Oui,Yes,Fibre,1948.350,Month-to-month,1,Electronic check,21,No
IGQFX84055,0,0,0,F,90.050,Oui,No,Fibre,5817.000,One year,1,Credit card (automatic),63,No
OOPEC75791,1,1,0,F,50.150,Oui,No,ADSL,115.100,Month-to-month,0,Credit card (automatic),2,Yes
EWLGO33633,0,0,0,F,19.950,Oui,No,Non,109.600,Month-to-month,0,Mailed check,5,No
STYSZ12515,0,1,0,F,80.250,Oui,Yes,Fibre,303.700,Month-to-month,1,Electronic check,4,No
QPEDE42543,1,0,0,F,66.250,Non,No phone service,ADSL,3330.100,Two year,0,Credit card (automatic),52,No
JVWOJ00426,0,0,0,H,19.600,Oui,No,Non,471.850,One year,1,Bank transfer (automatic),26,No
USTRB22604,0,1,0,F,70.200,Oui,No,Fibre,115.950,Month-to-month,1,Bank transfer (automatic),2,Yes
OVACP89746,0,0,0,F,20.150,Oui,No,Non,20.150,Month-to-month,0,Mailed check,1,No
ADRGF71912,1,0,0,H,54.300,Non,No phone service,ADSL,2390.450,Two year,0,Bank transfer (automatic),44,No
JTRFU07466,0,0,0,H,25.050,Non,No phone service,ADSL,56.350,Month-to-month,1,Electronic check,2,Yes
PJYHN23036,1,0,0,F,19.850,Oui,No,Non,52.000,Month-to-month,0,Bank transfer (automatic),2,No
PEGZZ01143,0,0,0,F,107.550,Oui,Yes,Fibre,3645.500,Month-to-month,0,Electronic check,33,No
MROZF24758,0,0,0,H,95.000,Oui,Yes,Fibre,2852.400,Month-to-month,1,Credit card (automatic),30,No
CEOVK36213,1,1,0,F,100.200,Oui,Yes,Fibre,1369.800,Month-to-month,1,Electronic check,14,Yes
CHGTL79892,0,0,0,H,19.600,Oui,No,Non,19.600,Month-to-month,1,Mailed check,1,Yes
CVVEH33382,0,0,0,H,94.550,Oui,Yes,Fibre,1173.550,Month-to-month,0,Electronic check,12,No
EJUNL90534,0,0,0,H,89.200,Oui,Yes,Fibre,3645.750,Month-to-month,1,Electronic check,41,No
MIHJH46271,0,1,0,F,110.250,Oui,Yes,Fibre,7467.550,Two year,0,Credit card (automatic),69,No
CLSMM42377,1,0,0,H,20.000,Oui,No,Non,38.000,Month-to-month,0,Mailed check,2,No
UYXQI97349,0,0,0,F,49.400,Oui,Yes,ADSL,106.550,Month-to-month,1,Electronic check,2,Yes
BUCWY18216,0,0,0,H,55.650,Oui,No,ADSL,1653.850,Two year,1,Mailed check,30,No
JFPGR40759,1,0,0,F,93.500,Oui,No,Fibre,4619.550,One year,1,Electronic check,51,No
UUNXD56717,1,1,0,F,100.650,Oui,Yes,Fibre,5189.750,One year,1,Electronic check,50,No
QIFJK09714,1,0,0,F,24.250,Oui,Yes,Non,1641.800,Two year,0,Bank transfer (automatic),69,No
NOOPG62979,1,0,0,F,110.500,Oui,Yes,Fibre,7752.050,Two year,1,Electronic check,70,No
CCFNJ17027,1,0,0,H,61.350,Oui,Yes,ADSL,3169.550,Month-to-month,0,Bank transfer (automatic),52,No
BRRFB09916,0,0,0,H,49.400,Oui,No,ADSL,874.800,Month-to-month,0,Electronic check,18,Yes
TPIZQ55758,0,0,0,H,89.150,Oui,Yes,Fibre,4245.550,Month-to-month,1,Credit card (automatic),46,No
PUEPR20756,1,0,1,H,19.350,Oui,No,Non,1153.250,Two year,0,Bank transfer (automatic),55,No
LVNGN05063,0,1,0,F,75.550,Oui,No,Fibre,349.650,Month-to-month,1,Credit card (automatic),5,Yes
MUHUG41402,0,1,0,F,86.850,Oui,No,Fibre,220.950,Month-to-month,1,Electronic check,3,Yes
QUXNS79686,0,0,0,H,18.950,Oui,No,Non,110.150,Month-to-month,0,Mailed check,6,No
GRMJG95304,1,0,1,H,84.100,Oui,Yes,ADSL,5979.700,Two year,1,Electronic check,70,No
VSCOT21237,1,0,1,F,72.100,Oui,Yes,ADSL,4194.850,Two year,1,Bank transfer (automatic),59,No
TPQQV94115,0,0,0,F,54.550,Non,No phone service,ADSL,2236.200,One year,1,Bank transfer (automatic),40,No
SKMLN39739,0,0,0,H,19.900,Oui,No,Non,1355.100,Two year,1,Credit card (automatic),71,No
RMYBA96969,0,0,0,H,80.100,Oui,No,Fibre,398.550,Month-to-month,1,Mailed check,5,No
DKSTZ87345,1,0,1,F,85.950,Oui,Yes,Fibre,858.600,Month-to-month,0,Electronic check,10,No
YBIQI61806,0,0,0,H,24.300,Non,No phone service,ADSL,100.200,Month-to-month,0,Mailed check,5,No
PUQVY14068,0,0,1,H,49.900,Oui,No,ADSL,49.900,Month-to-month,1,Electronic check,1,No
LIPDW50163,1,0,1,H,19.400,Oui,No,Non,1061.600,One year,0,Mailed check,57,No
PIQSP64188,1,0,0,F,81.000,Oui,No,ADSL,4985.900,Two year,0,Mailed check,62,No
MRDOF32806,0,1,0,H,69.100,Oui,Yes,ADSL,2093.900,Two year,1,Credit card (automatic),30,No
KSVCP30168,1,0,0,H,33.750,Non,No phone service,ADSL,1009.250,Month-to-month,0,Mailed check,29,No
WGAXL29083,1,0,1,F,24.950,Oui,Yes,Non,1468.900,Two year,1,Credit card (automatic),56,No
MHOMU69683,1,0,0,H,45.000,Non,No phone service,ADSL,2689.350,One year,1,Credit card (automatic),58,No
STERV28519,0,1,0,H,73.000,Oui,No,ADSL,2471.250,One year,1,Electronic check,35,No
PZBLH84666,1,0,1,H,104.600,Oui,Yes,Fibre,6885.750,Two year,0,Bank transfer (automatic),67,No
GSEGL21261,1,0,0,F,84.800,Oui,Yes,ADSL,5917.550,Two year,1,Bank transfer (automatic),70,No
KBIMB75084,1,0,1,H,56.250,Oui,No,ADSL,1454.250,One year,1,Credit card (automatic),24,No
GNVDE55753,0,0,0,H,56.950,Oui,No,ADSL,1889.500,One year,0,Mailed check,34,No
MLXMN26748,0,1,0,F,99.650,Oui,Yes,Fibre,6951.150,Month-to-month,1,Credit card (automatic),71,No
UJZMY66308,1,1,0,F,83.250,Oui,Yes,Fibre,308.050,Month-to-month,1,Electronic check,4,No
MOWRM18711,1,0,0,H,80.850,Oui,No,Fibre,866.450,Month-to-month,0,Bank transfer (automatic),12,Yes
NIYYL34261,0,0,0,H,51.550,Oui,Yes,ADSL,765.500,Month-to-month,0,Electronic check,15,Yes
IDZEI55122,1,0,1,H,24.900,Oui,Yes,Non,1174.800,One year,0,Electronic check,46,No
PSJVE24088,1,0,1,H,61.900,Oui,No,ADSL,2924.050,Month-to-month,1,Mailed check,44,No
ALMCK33529,0,0,0,H,102.650,Oui,Yes,Fibre,4108.150,Month-to-month,1,Mailed check,40,No
OTIVJ92211,0,1,0,F,104.850,Oui,Yes,Fibre,1531.400,Month-to-month,1,Electronic check,14,Yes
OSGPT09934,1,1,0,F,60.650,Oui,No,ADSL,3975.900,One year,1,Bank transfer (automatic),68,No
YRDCJ66035,1,0,0,H,61.050,Oui,No,ADSL,2018.400,Two year,1,Mailed check,33,No
LKHYG47091,1,0,1,F,20.000,Oui,No,Non,540.050,One year,0,Electronic check,29,No
CKOQL37586,1,0,0,F,107.000,Oui,Yes,Fibre,6152.300,One year,1,Credit card (automatic),59,No
FRKKS52011,0,0,0,H,74.300,Oui,No,Fibre,1952.250,Month-to-month,0,Bank transfer (automatic),25,No
LRQAQ50445,1,0,0,F,69.200,Oui,No,Fibre,477.550,Month-to-month,1,Bank transfer (automatic),7,No
BZXLQ65575,0,1,0,H,69.650,Oui,No,Fibre,1043.300,Month-to-month,0,Electronic check,16,No
OZTLB86081,1,0,1,H,74.050,Oui,No,ADSL,2802.300,One year,0,Electronic check,38,No
ZMJAN14366,1,0,0,F,67.800,Oui,No,ADSL,653.150,Month-to-month,1,Credit card (automatic),10,No
FZOQH63454,1,0,0,H,19.900,Oui,No,Non,1363.450,Two year,0,Mailed check,69,No
NAIXK60086,0,1,0,H,55.450,Non,No phone service,ADSL,2966.950,One year,1,Electronic check,54,No
AVKED96775,0,0,1,F,84.600,Oui,Yes,ADSL,4449.750,One year,1,Electronic check,53,No
IDEJJ55157,1,0,1,H,19.900,Oui,No,Non,19.900,Month-to-month,0,Mailed check,1,Yes
NXRCV85915,0,0,0,F,74.650,Oui,Yes,ADSL,3090.650,Month-to-month,1,Bank transfer (automatic),41,No
OWMOM73288,0,0,1,F,20.100,Oui,No,Non,589.250,One year,0,Credit card (automatic),31,No
HHKQH47163,1,1,0,H,107.050,Oui,Yes,Fibre,2172.050,Month-to-month,0,Electronic check,20,No
KJTYK98625,0,0,1,H,25.350,Non,No phone service,ADSL,566.100,Month-to-month,1,Credit card (automatic),19,No
ZBLAI51206,1,0,0,F,75.700,Oui,Yes,ADSL,3876.200,One year,0,Bank transfer (automatic),50,No
IQNIY17259,1,0,0,H,109.750,Oui,No,Fibre,6110.200,Two year,0,Bank transfer (automatic),54,Yes
NJCVI39515,1,1,0,F,95.050,Oui,Yes,Fibre,3944.500,Month-to-month,1,Electronic check,42,No
BMPBQ14235,1,0,1,F,19.000,Oui,No,Non,19.000,Month-to-month,1,Mailed check,1,No
FWLCH98376,1,0,1,H,19.200,Oui,No,Non,239.000,Month-to-month,1,Electronic check,12,No
XFANI31909,0,0,1,H,100.600,Oui,Yes,Fibre,5069.650,One year,1,Bank transfer (automatic),49,Yes
JEDFD87251,0,0,0,H,69.050,Oui,No,Fibre,1793.250,Month-to-month,1,Mailed check,27,No
XAIRP01642,0,0,0,F,19.550,Oui,No,Non,470.200,Two year,1,Bank transfer (automatic),24,No
CFDBX65193,0,0,0,F,45.400,Oui,No,ADSL,80.950,Month-to-month,1,Electronic check,2,No
CDTKZ96371,1,0,0,H,114.100,Oui,Yes,Fibre,8086.400,Two year,1,Credit card (automatic),72,No
JHONH36927,1,1,0,F,106.500,Oui,Yes,Fibre,5621.850,One year,1,Electronic check,52,No
DCUIK63473,0,0,0,H,74.150,Oui,Yes,Fibre,811.800,Month-to-month,1,Mailed check,10,Yes
PIKEI03362,1,1,0,H,74.400,Oui,No,ADSL,5360.750,Two year,0,Bank transfer (automatic),72,No
UBXWQ40132,0,0,0,F,74.650,Oui,Yes,ADSL,521.100,Month-to-month,1,Electronic check,7,Yes
CIQUL86062,1,1,1,H,115.750,Oui,Yes,Fibre,8399.150,Two year,1,Credit card (automatic),72,No
JNXAX34048,1,0,1,F,80.750,Oui,Yes,Fibre,4116.900,Month-to-month,1,Electronic check,51,No
NPTGL26656,1,1,0,F,98.100,Oui,Yes,Fibre,2510.700,Month-to-month,1,Bank transfer (automatic),26,No
VZKCD92784,1,1,0,F,109.100,Oui,Yes,Fibre,5647.950,Month-to-month,1,Electronic check,52,No
QJREV96201,0,0,1,H,20.550,Oui,No,Non,1013.050,One year,0,Credit card (automatic),47,No
ITJPH08279,0,0,0,H,18.550,Oui,No,Non,689.000,Two year,1,Credit card (automatic),36,No
UDEUO01372,0,0,0,F,19.850,Oui,No,Non,63.750,Month-to-month,0,Mailed check,3,Yes
AVSOQ38786,0,1,0,F,71.250,Oui,No,Fibre,71.250,Month-to-month,1,Electronic check,1,No
SJBGZ12719,0,1,0,H,43.650,Non,No phone service,ADSL,526.950,Month-to-month,1,Electronic check,12,Yes
OLYUR06193,1,0,0,H,111.900,Oui,Yes,Fibre,8071.050,Two year,1,Credit card (automatic),72,No
GQHME75316,0,0,0,H,20.050,Oui,No,Non,265.450,Month-to-month,0,Credit card (automatic),12,No
LMXOP51781,1,1,0,H,95.100,Oui,Yes,Fibre,95.100,Month-to-month,1,Electronic check,1,Yes
UFROM23647,0,0,0,H,70.400,Oui,No,ADSL,2044.750,One year,0,Electronic check,30,No
YUEKJ35707,0,0,0,F,49.550,Oui,No,ADSL,2077.950,Month-to-month,1,Electronic check,42,No
JVYVF90482,0,0,0,H,69.350,Oui,No,ADSL,191.350,Month-to-month,1,Electronic check,3,Yes
AQUGT41547,1,1,0,H,89.050,Oui,No,Fibre,1169.350,Month-to-month,1,Bank transfer (automatic),13,Yes
RANWT26121,0,0,0,F,100.150,Oui,Yes,Fibre,1164.300,Month-to-month,1,Bank transfer (automatic),12,Yes
NLUBH37683,1,1,0,H,100.600,Oui,Yes,Fibre,5746.150,Month-to-month,0,Electronic check,57,Yes
PBKBQ96068,1,1,0,H,85.000,Oui,Yes,Fibre,2642.050,Month-to-month,1,Electronic check,32,Yes
ZHHCC34424,0,0,0,H,76.900,Oui,Yes,ADSL,5023.000,One year,1,Credit card (automatic),68,No
CVNYA57264,1,0,1,F,19.850,Oui,No,Non,146.600,Two year,1,Mailed check,8,No
QRKXN78392,0,0,0,F,20.200,Oui,No,Non,20.200,Month-to-month,1,Mailed check,1,Yes
BFCYD52967,1,0,1,H,20.100,Oui,No,Non,936.850,Two year,1,Mailed check,46,No
UYCNN19601,0,0,0,H,95.250,Oui,Yes,Fibre,1021.550,Month-to-month,1,Electronic check,10,No
JMXNP09288,1,1,0,H,29.900,Non,No phone service,ADSL,118.250,Month-to-month,1,Electronic check,4,No
TASNN61858,0,1,0,H,46.300,Oui,No,ADSL,46.300,Month-to-month,0,Electronic check,1,No
ZRXIU47508,0,1,0,F,84.600,Oui,Yes,Fibre,360.100,Month-to-month,1,Electronic check,4,Yes
NSDWE32746,0,0,0,F,19.600,Oui,No,Non,1441.650,Two year,0,Credit card (automatic),68,No
IKKYO58872,1,0,1,H,94.350,Oui,Yes,Fibre,5563.650,Two year,0,Bank transfer (automatic),58,No
GVUSX34394,0,0,0,H,24.400,Non,No phone service,ADSL,24.400,Month-to-month,0,Mailed check,1,No
GMEAO02668,1,0,1,H,114.300,Oui,Yes,Fibre,8058.550,Two year,1,Credit card (automatic),72,No
OXGVC96814,0,0,0,F,100.500,Oui,Yes,Fibre,514.000,Month-to-month,1,Electronic check,5,Yes
FCCPT24661,1,0,1,F,19.700,Oui,No,Non,395.600,One year,0,Bank transfer (automatic),20,No
JBFWA90469,0,0,1,H,19.150,Oui,No,Non,537.350,Month-to-month,0,Mailed check,27,No
USLMV24559,0,0,0,F,84.750,Oui,Yes,Fibre,2613.400,Month-to-month,1,Credit card (automatic),31,No
VDYXE03267,1,0,0,F,97.650,Oui,Yes,Fibre,6982.500,One year,1,Electronic check,70,No
FBZRI63324,1,0,1,H,69.350,Oui,Yes,ADSL,4653.250,One year,1,Credit card (automatic),67,No
XEYKE96315,0,0,0,H,50.400,Oui,Yes,ADSL,137.250,Month-to-month,0,Bank transfer (automatic),3,No
UKSNZ47864,0,0,0,H,20.200,Oui,No,Non,20.200,Month-to-month,0,Mailed check,1,Yes
DCEZH99316,0,0,1,H,54.400,Oui,No,ADSL,1516.600,One year,1,Credit card (automatic),28,No
CHQPW49623,0,0,1,H,19.850,Oui,No,Non,535.050,One year,0,Mailed check,29,No
IJQQE16022,0,0,0,F,75.350,Oui,Yes,Fibre,338.100,Month-to-month,0,Electronic check,4,Yes
GHADL47176,0,0,0,F,79.600,Oui,Yes,ADSL,4024.200,Two year,1,Mailed check,50,No
WLNSF25224,1,1,0,F,64.200,Oui,No,ADSL,2106.300,One year,0,Bank transfer (automatic),34,No
XOKTS97424,1,0,1,H,89.550,Oui,Yes,Fibre,6038.550,One year,0,Electronic check,67,No
MEKUC99587,1,0,1,H,103.950,Oui,Yes,Fibre,7517.700,Two year,0,Credit card (automatic),72,No
AGEEN21232,0,1,0,F,84.350,Oui,No,Fibre,609.650,Month-to-month,1,Electronic check,7,No
BJLSB27508,0,0,0,F,103.700,Oui,No,Fibre,4730.600,One year,1,Electronic check,47,No
IVVRP94968,1,0,1,F,51.000,Oui,No,ADSL,581.700,Month-to-month,0,Bank transfer (automatic),11,No
GHEEC94122,0,0,0,H,104.800,Oui,Yes,Fibre,4131.950,Month-to-month,0,Bank transfer (automatic),40,Yes
BRUCM24746,1,1,0,H,101.850,Oui,Yes,Fibre,4086.300,Month-to-month,0,Electronic check,40,Yes
BBWMU85104,0,0,0,F,19.750,Oui,No,Non,806.950,One year,1,Mailed check,41,No
OUVKV58994,0,0,0,H,94.500,Oui,No,Fibre,2979.200,Month-to-month,1,Electronic check,31,No
KWTBV61342,0,0,0,H,23.400,Oui,Yes,Non,1429.650,Two year,0,Bank transfer (automatic),62,No
KQFDT44888,0,0,0,F,103.950,Oui,Yes,Fibre,6423.000,One year,1,Electronic check,61,No
UEBXB38842,1,0,1,F,36.150,Non,No phone service,ADSL,2434.450,Two year,0,Bank transfer (automatic),67,No
SDUFN87355,1,1,0,F,24.300,Oui,Yes,Non,1778.700,Two year,0,Bank transfer (automatic),72,No
DNVTL80467,1,0,0,H,38.600,Non,No phone service,ADSL,2345.550,Two year,1,Credit card (automatic),62,No
KQWHG52766,0,1,0,F,69.600,Oui,No,Fibre,131.650,Month-to-month,1,Electronic check,2,Yes
EMGTC50906,1,0,0,F,100.050,Oui,No,Fibre,6034.850,Two year,1,Mailed check,59,No
QDCRY55439,0,0,0,H,56.400,Oui,No,ADSL,234.850,Month-to-month,1,Electronic check,4,No
YGIJN52481,1,0,0,H,90.250,Oui,Yes,ADSL,6369.450,Two year,1,Credit card (automatic),72,No
CTXVJ85976,0,0,1,H,64.950,Oui,Yes,ADSL,4551.500,One year,0,Bank transfer (automatic),70,No
PUGNU96689,1,0,0,H,24.500,Oui,Yes,Non,1816.200,Two year,1,Electronic check,71,No
FAKOD25199,0,0,1,H,99.250,Oui,Yes,Fibre,3777.150,Month-to-month,1,Bank transfer (automatic),38,Yes
NFSKC43259,0,1,0,H,90.600,Oui,Yes,Fibre,1660.000,Month-to-month,1,Electronic check,19,Yes
POKDZ73799,1,0,0,H,70.300,Oui,No,Fibre,208.850,Month-to-month,1,Electronic check,3,Yes
ARAGG15484,1,0,1,F,58.500,Oui,Yes,ADSL,224.850,Month-to-month,1,Mailed check,4,No
UIBFX95129,1,0,1,H,95.150,Oui,No,Fibre,1779.950,Month-to-month,0,Mailed check,18,Yes
FPXWG53138,0,0,0,H,24.600,Oui,Yes,Non,1266.400,One year,1,Bank transfer (automatic),51,No
LFOLL58895,0,0,0,F,84.600,Oui,Yes,Fibre,1115.200,Month-to-month,1,Electronic check,13,Yes
HQBOU27891,0,0,0,H,80.350,Oui,No,Fibre,253.800,Month-to-month,1,Electronic check,3,No
CABNR08753,0,1,0,F,84.600,Oui,No,Fibre,865.550,Month-to-month,1,Credit card (automatic),10,Yes
RPVUM04871,1,0,0,H,99.400,Oui,Yes,Fibre,5943.650,Month-to-month,0,Bank transfer (automatic),61,No
VDCWW16803,1,0,0,H,19.800,Oui,No,Non,202.250,One year,0,Bank transfer (automatic),12,No
SUGLD41396,1,0,1,H,35.400,Non,No phone service,ADSL,1077.500,Month-to-month,0,Bank transfer (automatic),31,Yes
NJEUX46615,0,0,0,H,20.050,Oui,No,Non,20.050,Month-to-month,1,Mailed check,1,No
WWQQQ40791,0,0,0,H,65.550,Non,No phone service,ADSL,4807.450,Two year,1,Bank transfer (automatic),72,No
WFCDV12365,0,1,0,H,90.450,Oui,No,Fibre,1266.100,Month-to-month,0,Credit card (automatic),14,Yes
JKLPC63304,1,0,0,H,80.500,Oui,Yes,Fibre,896.900,Month-to-month,1,Bank transfer (automatic),11,Yes
YLIBA56505,0,0,0,H,81.150,Oui,Yes,Fibre,2640.550,Month-to-month,1,Electronic check,31,No
SRQID06909,0,0,0,H,19.650,Oui,No,Non,67.550,Month-to-month,1,Mailed check,4,No
GBRWV31791,1,1,0,H,64.950,Oui,No,ADSL,1339.800,Month-to-month,1,Bank transfer (automatic),21,No
OIQHG89666,1,0,1,F,20.750,Oui,No,Non,452.350,One year,0,Bank transfer (automatic),22,No
UQCHV10849,0,0,1,H,69.750,Oui,No,Fibre,69.750,Month-to-month,0,Bank transfer (automatic),1,Yes
ZJSUR65072,1,1,0,H,90.450,Oui,No,Fibre,2117.250,Month-to-month,1,Electronic check,23,No
TCFID61143,0,0,0,F,39.500,Non,No phone service,ADSL,1082.750,One year,0,Credit card (automatic),29,No
WCBNE70259,0,1,0,H,59.600,Oui,Yes,ADSL,2754.000,Two year,0,Bank transfer (automatic),47,No
VKDUW90522,1,1,0,F,109.400,Oui,Yes,Fibre,7227.450,Month-to-month,1,Credit card (automatic),65,No
LCXAO59996,0,0,0,F,29.900,Non,No phone service,ADSL,29.900,Month-to-month,0,Mailed check,1,No
BKSQP02773,1,0,1,H,54.400,Oui,No,ADSL,475.100,Month-to-month,1,Electronic check,8,No
SUAOO55936,1,0,1,F,83.150,Oui,Yes,Fibre,2033.050,One year,0,Bank transfer (automatic),24,No
YOKZB99655,0,1,0,H,83.850,Oui,Yes,Fibre,790.150,Month-to-month,1,Electronic check,9,Yes
RNUJS90261,0,1,0,H,50.350,Oui,No,ADSL,237.250,Month-to-month,0,Electronic check,5,Yes
LIEGH89228,0,1,0,F,89.700,Oui,Yes,Fibre,2187.550,Month-to-month,1,Electronic check,25,Yes
OHLXR69935,0,0,0,F,68.950,Oui,No,Fibre,119.750,Month-to-month,0,Electronic check,2,Yes
ONLJY77627,1,0,1,F,19.700,Oui,No,Non,94.450,One year,0,Mailed check,6,No
KAOID72167,1,0,1,H,19.500,Oui,No,Non,798.200,One year,0,Bank transfer (automatic),41,No
MNDKV98735,0,0,0,F,44.650,Oui,No,ADSL,472.250,Month-to-month,1,Mailed check,11,No
UNOCC35657,1,1,0,F,99.050,Oui,Yes,Fibre,2952.850,Month-to-month,1,Bank transfer (automatic),29,Yes
OVMIM70613,1,0,1,F,19.550,Oui,No,Non,608.500,One year,0,Bank transfer (automatic),30,No
NCDYU06758,1,0,1,F,116.400,Oui,Yes,Fibre,8543.250,Two year,1,Credit card (automatic),72,No
YHGTW57403,1,0,1,H,97.550,Oui,Yes,Fibre,6669.050,Month-to-month,1,Credit card (automatic),70,No
VCZEP98811,1,0,0,F,54.100,Oui,Yes,ADSL,1373.000,Month-to-month,0,Electronic check,25,No
HJXTF89019,1,0,1,F,29.200,Non,No phone service,ADSL,309.100,Month-to-month,0,Mailed check,12,Yes
IWQEX15632,0,0,0,F,19.700,Oui,No,Non,220.350,Month-to-month,0,Mailed check,12,No
KEFUM28864,1,0,0,F,107.500,Oui,Yes,Fibre,6873.750,One year,1,Electronic check,63,Yes
RGTYS68458,1,0,0,F,98.750,Oui,Yes,Fibre,4533.700,Month-to-month,1,Electronic check,47,Yes
LAFQK07429,1,0,0,H,99.150,Oui,Yes,Fibre,7422.100,Two year,1,Electronic check,72,No
OBVMR53668,1,0,0,F,50.300,Oui,No,ADSL,908.750,Month-to-month,1,Mailed check,18,No
SUCIN03103,1,0,0,F,84.800,Oui,No,ADSL,6046.100,One year,1,Bank transfer (automatic),71,No
XVQIU97874,0,0,0,H,75.300,Oui,Yes,Fibre,75.300,Month-to-month,1,Electronic check,1,Yes
APNJL67529,1,0,1,H,54.500,Oui,No,ADSL,2301.150,Month-to-month,0,Mailed check,42,No
GGZZI34277,1,0,0,F,89.100,Oui,Yes,Fibre,1620.800,Month-to-month,1,Electronic check,19,No
TBYKU29841,1,0,1,H,104.900,Oui,Yes,Fibre,7732.650,Two year,1,Credit card (automatic),72,No
GAKKQ23682,0,0,0,F,113.650,Oui,Yes,Fibre,7939.250,Two year,1,Bank transfer (automatic),70,No
YURET42954,1,1,1,F,72.600,Oui,No,ADSL,4084.350,Two year,1,Credit card (automatic),56,No
KKKOS86714,1,0,0,F,45.550,Non,No phone service,ADSL,2062.150,Month-to-month,0,Electronic check,46,No
VFULY70178,1,0,0,F,20.100,Oui,No,Non,43.150,Month-to-month,0,Bank transfer (automatic),2,No
ZHPXP65192,1,0,1,F,108.300,Oui,No,Fibre,7679.650,Two year,1,Bank transfer (automatic),72,No
ZYKAD38656,1,1,0,H,84.900,Oui,Yes,Fibre,5785.650,Month-to-month,1,Credit card (automatic),69,No
YLWSI65325,1,0,0,F,20.800,Oui,No,Non,1021.800,One year,0,Bank transfer (automatic),53,Yes
MRVEN47163,0,0,0,F,20.000,Oui,No,Non,599.300,One year,0,Mailed check,29,No
BDEUX49502,0,0,0,H,49.200,Non,No phone service,ADSL,1701.650,Month-to-month,0,Electronic check,35,No
DVHPH41232,1,0,0,H,88.050,Oui,Yes,Fibre,801.300,Month-to-month,1,Electronic check,9,No
WCVAK11699,1,0,0,H,88.800,Oui,Yes,Fibre,1672.350,Month-to-month,1,Credit card (automatic),19,No
GKTCT36429,0,0,0,F,115.100,Oui,Yes,Fibre,6993.650,One year,1,Mailed check,61,No
RUGKN55153,0,0,0,H,54.750,Oui,No,ADSL,438.050,Month-to-month,1,Credit card (automatic),8,No
ESCNL64817,0,0,0,F,100.550,Oui,Yes,Fibre,2878.750,Month-to-month,0,Bank transfer (automatic),29,No
FSORS24195,1,0,0,H,108.400,Oui,Yes,Fibre,7719.500,Two year,1,Electronic check,72,No
YHINA01071,0,0,1,H,99.750,Oui,Yes,Fibre,99.750,Month-to-month,1,Electronic check,1,Yes
HOWOX81601,0,0,0,F,66.850,Oui,No,ADSL,458.100,Month-to-month,1,Electronic check,7,No
RTCMS38902,0,0,0,H,49.450,Oui,No,ADSL,799.000,Month-to-month,1,Mailed check,16,No
TRIAL37876,1,0,1,H,26.050,Non,No phone service,ADSL,565.750,Month-to-month,1,Electronic check,21,No
LZGPL21873,0,0,0,F,40.100,Non,No phone service,ADSL,293.300,Month-to-month,1,Credit card (automatic),7,Yes
CEQMF91347,1,1,0,H,89.500,Oui,No,Fibre,676.700,Month-to-month,1,Electronic check,7,Yes
VDHYI43774,1,0,1,H,90.800,Oui,No,Fibre,3023.850,One year,1,Electronic check,32,No
JZFKV90533,0,0,0,H,116.200,Oui,Yes,Fibre,7752.300,Two year,0,Credit card (automatic),67,Yes
PRIQJ88495,1,0,1,F,109.400,Oui,Yes,Fibre,7281.600,One year,1,Electronic check,67,No
IIDQV79013,0,0,0,H,54.600,Oui,Yes,ADSL,1242.250,One year,0,Bank transfer (automatic),24,No
SHFGA82461,0,0,0,H,21.100,Oui,No,Non,385.550,Month-to-month,0,Credit card (automatic),17,No
CQMEG28437,0,0,0,H,49.700,Oui,No,ADSL,1218.250,Month-to-month,1,Mailed check,24,No
BFNYK40836,1,1,0,F,95.000,Oui,Yes,Fibre,3591.250,One year,0,Credit card (automatic),38,No
OMBXY23218,1,0,1,F,80.300,Oui,No,ADSL,3058.650,One year,0,Credit card (automatic),38,Yes
TPUWZ74937,0,0,0,H,79.150,Oui,Yes,Fibre,79.150,Month-to-month,1,Electronic check,1,Yes
RIHDD88091,1,0,1,H,103.400,Oui,Yes,Fibre,7372.650,Two year,1,Electronic check,72,Yes
JOIVN03029,1,0,0,F,101.150,Oui,No,Fibre,842.900,Month-to-month,0,Electronic check,8,Yes
CYWMH44624,1,1,0,H,89.800,Oui,Yes,Fibre,5629.550,Month-to-month,1,Bank transfer (automatic),62,No
ZRKKG79648,1,0,0,H,88.400,Oui,Yes,Fibre,5798.300,One year,1,Bank transfer (automatic),67,No
CUMIA40541,1,0,1,F,20.250,Oui,No,Non,401.950,Month-to-month,1,Mailed check,18,No
WXOQV51736,1,0,0,H,64.200,Oui,No,ADSL,143.650,Month-to-month,1,Mailed check,2,No
FPUSP51998,0,0,1,H,34.050,Non,No phone service,ADSL,1113.950,One year,0,Credit card (automatic),33,No
WBQDJ99641,1,0,0,F,24.400,Oui,Yes,Non,1725.400,Two year,1,Credit card (automatic),71,No
CRZSB35303,0,0,0,F,20.650,Oui,No,Non,155.900,Month-to-month,0,Mailed check,7,No
YHPVI60478,0,0,0,H,69.700,Oui,No,Fibre,316.900,Month-to-month,1,Electronic check,5,Yes
GUHPQ20741,0,0,1,F,92.700,Oui,Yes,Fibre,1556.850,Month-to-month,1,Credit card (automatic),17,No
BQHEA59932,0,0,0,H,20.050,Oui,No,Non,267.000,One year,0,Credit card (automatic),12,No
BFDSO21442,1,1,0,F,108.750,Oui,Yes,Fibre,5431.900,Month-to-month,0,Bank transfer (automatic),50,No
TEMLV53821,0,0,0,H,50.900,Oui,No,ADSL,2298.550,Month-to-month,1,Bank transfer (automatic),45,No
THJFP06047,1,0,1,F,75.950,Oui,No,ADSL,4542.350,Two year,1,Credit card (automatic),59,No
IJWDN86031,0,0,0,H,86.600,Oui,Yes,Fibre,86.600,Month-to-month,1,Electronic check,1,Yes
USBER64578,0,0,0,H,80.800,Oui,No,Fibre,80.800,Month-to-month,1,Electronic check,1,Yes
VLHMB93508,1,0,1,H,89.550,Oui,Yes,Fibre,6373.100,Month-to-month,1,Bank transfer (automatic),67,No
ERIVA73381,0,0,1,H,45.050,Non,No phone service,ADSL,1790.600,One year,0,Bank transfer (automatic),39,No
MEFCP86705,1,0,1,F,92.900,Oui,Yes,ADSL,3379.250,Two year,1,Credit card (automatic),36,No
FCUUW39136,1,0,1,F,70.450,Oui,Yes,ADSL,5165.700,Two year,1,Bank transfer (automatic),72,No
UCGVD26321,1,1,0,H,100.050,Oui,Yes,Fibre,6871.900,Month-to-month,1,Credit card (automatic),66,Yes
RYAMH56244,0,0,0,F,19.500,Oui,No,Non,178.850,Month-to-month,1,Electronic check,9,No
UHVVQ31187,1,0,0,F,25.800,Oui,Yes,Non,1911.500,Two year,0,Credit card (automatic),68,No
NGCNG62589,0,0,0,H,23.500,Oui,Yes,Non,173.000,Month-to-month,0,Mailed check,7,No
OFRTN37173,0,0,0,H,19.750,Oui,No,Non,19.750,Month-to-month,0,Bank transfer (automatic),1,No
MJUAW94628,0,0,0,H,50.400,Oui,Yes,ADSL,206.600,Month-to-month,0,Mailed check,4,Yes
AIQCG81497,0,0,0,H,73.150,Oui,Yes,Fibre,2730.850,Month-to-month,1,Credit card (automatic),39,No
RRBUE23516,1,0,1,F,20.650,Oui,No,Non,134.050,One year,0,Mailed check,7,No
PCCGG31084,1,1,0,H,84.450,Oui,Yes,ADSL,5899.850,Two year,0,Credit card (automatic),72,No
JCGCG44337,1,1,0,H,101.000,Oui,Yes,Fibre,4680.050,Month-to-month,1,Electronic check,46,Yes
SUEKT11319,1,0,1,H,98.450,Oui,No,Fibre,6145.200,One year,1,Bank transfer (automatic),61,No
SVLEA19646,0,0,0,H,19.700,Oui,No,Non,415.900,One year,1,Mailed check,20,No
KSRVI74866,0,0,0,H,100.000,Oui,Yes,Fibre,4211.550,One year,1,Electronic check,43,Yes
HILPA22366,1,0,1,H,20.650,Oui,No,Non,1218.450,Two year,0,Credit card (automatic),62,No
KPMNB22534,1,0,1,F,46.250,Non,No phone service,ADSL,3121.400,Two year,0,Bank transfer (automatic),69,No
LETTY30904,0,0,1,H,60.950,Oui,Yes,ADSL,134.600,Month-to-month,0,Bank transfer (automatic),2,No
WJQLC62599,0,1,0,H,81.100,Oui,Yes,Fibre,2619.250,Month-to-month,1,Credit card (automatic),32,No
GXUOC59234,0,0,0,H,104.400,Oui,No,Fibre,1081.450,Month-to-month,1,Electronic check,10,Yes
TKDGL99382,1,0,1,H,99.550,Oui,No,Fibre,6668.000,Two year,1,Electronic check,68,No
MXBJS21575,1,0,0,H,75.300,Oui,Yes,ADSL,989.450,One year,1,Mailed check,13,Yes
QPYBK36689,0,0,0,H,53.850,Oui,No,ADSL,108.150,Month-to-month,1,Mailed check,2,Yes
HTQTV35216,0,0,0,H,26.100,Oui,Yes,Non,980.350,Two year,0,Bank transfer (automatic),34,No
OFWXJ74086,1,0,1,F,89.800,Oui,Yes,ADSL,6510.450,Two year,0,Credit card (automatic),72,No
FBGHB50742,0,0,0,H,104.650,Oui,Yes,Fibre,6889.800,One year,1,Credit card (automatic),64,No
BICXI77172,1,0,1,H,20.550,Oui,No,Non,1205.050,Two year,0,Mailed check,60,No
CSVSQ53566,0,0,0,F,64.600,Oui,Yes,ADSL,174.200,Month-to-month,0,Electronic check,3,No
VGNKU73213,1,0,0,F,70.350,Oui,No,Fibre,120.250,Month-to-month,1,Electronic check,2,No
CBBBA71887,0,0,0,F,95.500,Oui,Yes,Fibre,6153.850,One year,1,Electronic check,65,No
ZGHFB55497,1,0,1,H,24.950,Oui,Yes,Non,1261.450,Two year,0,Mailed check,50,No
BJCRC09242,1,1,0,F,89.450,Oui,Yes,Fibre,5294.600,Month-to-month,0,Electronic check,60,No
HKQTE49502,0,0,0,F,26.250,Oui,Yes,Non,605.900,Two year,0,Mailed check,22,No
OOKFY74959,1,1,0,F,80.650,Oui,Yes,Fibre,633.300,Month-to-month,1,Credit card (automatic),8,Yes
LCNUE24744,1,0,0,F,73.650,Oui,Yes,ADSL,1642.750,Month-to-month,1,Credit card (automatic),23,No
TLHLJ00047,0,0,0,H,73.900,Oui,No,Fibre,280.850,Month-to-month,1,Electronic check,4,Yes
NOQKA91372,0,1,0,H,19.200,Oui,No,Non,37.200,Month-to-month,0,Electronic check,2,No
DRGTI05194,1,0,1,F,20.350,Oui,No,Non,442.600,Month-to-month,0,Mailed check,20,No
LVOEQ57099,1,0,1,F,80.850,Oui,No,ADSL,,Two year,0,Mailed check,0,No
EKTJL78548,0,0,1,F,19.600,Oui,No,Non,35.850,Month-to-month,1,Electronic check,2,Yes
BSMJS43352,0,0,0,F,25.800,Oui,Yes,Non,1563.950,Two year,1,Credit card (automatic),62,No
HVLTW55999,0,1,0,F,80.350,Oui,Yes,Fibre,1058.100,Month-to-month,1,Bank transfer (automatic),14,No
OPXEJ42996,0,0,0,F,19.550,Oui,No,Non,1080.550,Two year,1,Bank transfer (automatic),56,No
MNIHH86213,1,1,0,F,94.250,Oui,Yes,Fibre,3217.550,Month-to-month,1,Electronic check,34,Yes
ZYGNY78209,0,0,0,H,90.450,Oui,Yes,Fibre,5825.500,One year,0,Credit card (automatic),63,No
PTRKA51703,1,0,1,F,35.800,Non,No phone service,ADSL,1782.000,One year,1,Credit card (automatic),49,No
LIIBW08992,1,0,0,H,100.850,Oui,Yes,Fibre,3527.300,Month-to-month,0,Electronic check,34,No
SXAXY39613,0,0,0,H,44.050,Oui,No,ADSL,44.050,Month-to-month,1,Bank transfer (automatic),1,No
MYATE57274,1,0,1,H,90.800,Oui,Yes,ADSL,6397.600,Two year,1,Credit card (automatic),72,No
GRSKD97639,1,0,1,H,49.950,Oui,No,ADSL,587.450,Month-to-month,1,Mailed check,13,No
JAIIY16258,1,0,1,F,83.000,Oui,Yes,Fibre,5685.800,One year,1,Electronic check,68,Yes
PGDPO47635,0,0,0,F,70.400,Oui,No,Fibre,281.000,Month-to-month,0,Electronic check,4,Yes
DFJTU73827,0,0,0,H,55.200,Oui,No,ADSL,1058.100,Month-to-month,0,Credit card (automatic),18,No
GTGVD58831,0,0,0,H,99.950,Oui,Yes,Fibre,1931.750,Month-to-month,1,Electronic check,19,Yes
RYHQD79572,0,1,0,F,79.200,Oui,No,Fibre,3233.850,Month-to-month,1,Credit card (automatic),40,Yes
HHXAO34233,1,0,1,F,19.500,Oui,No,Non,272.000,One year,1,Mailed check,14,No
IWYCP08421,0,0,0,F,44.950,Oui,No,ADSL,2168.900,Month-to-month,0,Bank transfer (automatic),46,No
CUYXZ22029,0,0,0,H,84.850,Oui,No,Fibre,84.850,Month-to-month,1,Electronic check,1,Yes
DMXZS55688,0,0,0,F,65.450,Oui,No,ADSL,554.450,Month-to-month,1,Electronic check,8,No
PYRLQ48493,0,1,0,F,73.250,Oui,Yes,ADSL,4054.200,Two year,0,Bank transfer (automatic),56,No
ZORZP02252,0,0,0,H,84.300,Oui,No,Fibre,235.050,Month-to-month,0,Electronic check,3,No
PCIOK90188,0,0,0,F,64.750,Oui,No,ADSL,3617.100,Two year,1,Mailed check,55,No
TWCGB14564,0,0,0,H,49.250,Oui,No,ADSL,208.450,Month-to-month,0,Mailed check,4,No
HVGMK77818,1,0,1,F,65.200,Non,No phone service,ADSL,4784.450,Two year,1,Credit card (automatic),72,No
DVKFN35251,0,0,0,F,19.400,Oui,No,Non,358.050,Two year,0,Mailed check,17,No
VHZBZ83054,0,0,0,H,20.200,Oui,No,Non,20.200,Month-to-month,1,Mailed check,1,Yes
SGUBI53438,0,0,0,F,80.200,Oui,Yes,Fibre,4297.600,One year,1,Mailed check,52,No
OAUSD64797,0,0,0,H,19.900,Oui,No,Non,510.800,One year,0,Credit card (automatic),25,No
SCMKX54432,1,0,0,F,94.300,Oui,Yes,Fibre,5610.150,One year,1,Electronic check,58,No
JCVCA48722,1,0,0,F,47.600,Non,No phone service,ADSL,3377.800,Two year,1,Bank transfer (automatic),71,No
ENBDS86177,0,0,0,H,73.600,Oui,No,Fibre,232.500,Month-to-month,1,Credit card (automatic),3,No
FNRNX08205,1,0,1,H,66.700,Oui,Yes,ADSL,1077.050,Month-to-month,1,Mailed check,17,No
ZZRVX74656,0,0,0,H,70.350,Oui,No,Fibre,70.350,Month-to-month,1,Electronic check,1,No
AXEPF54533,1,0,0,H,80.500,Oui,Yes,Fibre,1336.900,Month-to-month,1,Bank transfer (automatic),17,No
ZJBCG97059,1,0,1,F,54.150,Oui,No,ADSL,701.050,One year,0,Bank transfer (automatic),13,No
TNFCO25062,1,1,0,F,69.550,Oui,No,Fibre,69.550,Month-to-month,1,Electronic check,1,Yes
CGLTP86802,0,0,0,H,58.750,Oui,No,ADSL,1696.200,One year,1,Electronic check,29,No
PERKL52367,0,0,0,F,112.950,Oui,Yes,Fibre,6465.000,Two year,1,Bank transfer (automatic),57,Yes
UTXEW66255,1,0,0,F,51.250,Oui,No,ADSL,612.100,Month-to-month,1,Electronic check,12,No
MHUGY71566,0,1,0,H,90.500,Oui,No,Fibre,1201.150,Month-to-month,1,Electronic check,13,Yes
KTYSH37859,0,0,0,H,24.600,Oui,Yes,Non,1279.000,Two year,0,Mailed check,53,No
MVPUY76338,1,0,0,H,59.750,Oui,No,ADSL,3450.150,Two year,1,Electronic check,57,No
KSAZT70676,1,1,0,F,106.250,Oui,Yes,Fibre,6979.800,One year,1,Electronic check,65,Yes
NUPNA54822,0,0,0,F,60.400,Oui,No,ADSL,272.150,Month-to-month,1,Mailed check,4,Yes
AKYLR45226,0,1,0,F,54.800,Oui,No,ADSL,731.300,Month-to-month,1,Electronic check,13,No
DWQZJ20058,1,0,1,F,19.050,Oui,No,Non,201.700,Two year,0,Mailed check,8,No
WHAOX63778,1,0,0,F,106.150,Oui,Yes,Fibre,6411.250,Month-to-month,1,Electronic check,60,No
TSEMP37538,1,0,0,F,88.150,Oui,No,Fibre,1390.600,Month-to-month,0,Electronic check,15,Yes
GSLFR04888,0,0,0,F,69.500,Oui,No,Fibre,69.500,Month-to-month,1,Electronic check,1,Yes
FRLTA43973,0,0,0,F,20.150,Oui,No,Non,84.500,Month-to-month,0,Mailed check,4,No
GAEGL35513,1,0,1,H,30.400,Non,No phone service,ADSL,938.650,One year,0,Bank transfer (automatic),34,No
YYTBW29034,1,0,1,H,44.550,Oui,No,ADSL,44.550,Month-to-month,0,Electronic check,1,No
ZVXOT59813,0,1,0,F,108.350,Oui,Yes,Fibre,3726.150,One year,1,Electronic check,35,No
XEBGX89031,0,0,1,H,55.300,Oui,No,ADSL,108.650,Month-to-month,1,Electronic check,2,No
LVTJQ60164,1,0,1,F,20.650,Oui,No,Non,716.400,Month-to-month,0,Mailed check,34,No
CNZHX37217,0,0,0,H,19.800,Oui,No,Non,304.600,One year,0,Mailed check,15,No
YLMQA77065,0,0,0,F,19.700,Oui,No,Non,1341.500,One year,0,Bank transfer (automatic),70,No
BLQJT31489,0,0,0,H,20.100,Oui,No,Non,20.100,Month-to-month,0,Mailed check,1,Yes
TVUFB13074,0,1,0,H,79.350,Oui,Yes,Fibre,3344.100,Month-to-month,1,Bank transfer (automatic),42,No
TDVUQ10981,0,0,0,F,19.250,Oui,No,Non,19.250,Month-to-month,1,Bank transfer (automatic),1,No
AEVRU25509,1,0,1,F,53.450,Oui,No,ADSL,3053.000,One year,0,Electronic check,57,No
RZAHR82575,1,0,0,F,64.700,Oui,Yes,ADSL,941.000,Month-to-month,1,Bank transfer (automatic),14,Yes
ZSDNT04631,0,0,0,H,56.750,Oui,No,ADSL,503.250,Month-to-month,1,Bank transfer (automatic),10,No
OTWWW55775,0,0,0,F,19.750,Oui,No,Non,297.300,Month-to-month,0,Bank transfer (automatic),15,Yes
WNSUF74718,1,0,0,H,24.150,Oui,Yes,Non,1505.900,One year,0,Bank transfer (automatic),60,No
KBBPI62109,0,1,0,H,99.450,Oui,Yes,Fibre,919.400,Month-to-month,1,Credit card (automatic),9,Yes
DOXSU87883,0,0,0,H,61.350,Oui,No,ADSL,3645.500,One year,1,Bank transfer (automatic),59,No
WJKOV53806,0,0,0,H,106.350,Oui,Yes,Fibre,3549.250,Month-to-month,1,Electronic check,34,Yes
FESZO31788,0,0,0,F,100.250,Oui,Yes,Fibre,100.250,Month-to-month,1,Credit card (automatic),1,Yes
JPCDC68218,1,0,0,F,97.050,Oui,No,Fibre,4692.950,One year,1,Electronic check,48,No
HGNUA46749,1,0,1,H,89.900,Oui,Yes,ADSL,6457.150,Two year,0,Credit card (automatic),71,No
RMNUW07745,1,0,1,F,59.700,Non,No phone service,ADSL,4122.650,Two year,0,Bank transfer (automatic),71,No
CEBBJ87757,0,0,0,F,44.200,Oui,No,ADSL,403.350,Month-to-month,1,Bank transfer (automatic),9,Yes
HEKFO50186,0,0,0,F,24.500,Oui,Yes,Non,270.150,Month-to-month,1,Mailed check,10,No
AATJP84544,0,0,0,F,115.050,Oui,Yes,Fibre,8405.000,Two year,0,Credit card (automatic),72,No
VQXNH30829,1,0,0,H,29.800,Non,No phone service,ADSL,94.400,Month-to-month,0,Credit card (automatic),3,No
YAXFY31644,0,0,0,H,53.750,Non,No phone service,ADSL,3196.000,Month-to-month,1,Electronic check,57,No
JFZDU98532,1,0,0,F,56.850,Oui,No,ADSL,1861.100,Month-to-month,0,Electronic check,35,No
GIRSH71381,0,0,0,H,69.500,Oui,Yes,ADSL,3418.200,Two year,0,Bank transfer (automatic),50,No
ZAFGX22156,0,0,0,H,85.500,Oui,Yes,Fibre,791.700,Month-to-month,1,Electronic check,9,No
MQUGY82052,1,0,1,H,49.200,Oui,No,ADSL,571.150,Month-to-month,1,Electronic check,12,No
CUQOV05759,1,1,0,H,97.950,Oui,No,Fibre,5867.000,One year,1,Electronic check,60,No
AGOQM13227,0,0,0,H,30.300,Non,No phone service,ADSL,1380.100,Month-to-month,0,Bank transfer (automatic),46,Yes
VFOEA41985,0,0,0,F,33.600,Non,No phone service,ADSL,435.450,One year,1,Mailed check,12,No
ZKEED24504,0,0,0,F,53.800,Oui,No,ADSL,651.550,One year,0,Bank transfer (automatic),11,No
STDCN70747,0,0,0,H,40.600,Non,No phone service,ADSL,1494.500,Month-to-month,1,Electronic check,39,No
EZJMK18422,1,0,1,H,103.700,Oui,Yes,Fibre,5071.050,Month-to-month,0,Electronic check,50,Yes
XZKBB01688,1,0,0,F,86.850,Oui,Yes,Fibre,1564.400,Month-to-month,1,Electronic check,19,No
XJZNO26646,1,0,1,H,104.900,Oui,No,Fibre,7559.550,Two year,1,Credit card (automatic),72,No
AHCFP36439,1,1,0,H,95.600,Oui,Yes,Fibre,644.350,Month-to-month,1,Bank transfer (automatic),7,Yes
ZPANB92076,0,0,0,H,67.450,Oui,Yes,ADSL,2443.300,One year,0,Electronic check,37,No
ZSMZY53224,1,0,1,H,25.750,Oui,Yes,Non,755.600,Two year,0,Mailed check,31,No
RRJIO30665,0,0,0,F,69.950,Oui,No,Fibre,69.950,Month-to-month,1,Mailed check,1,Yes
DTSGX24696,0,1,0,F,111.650,Oui,Yes,Fibre,7943.450,Two year,0,Electronic check,72,No
PBXFW50613,1,0,1,F,61.400,Oui,No,ADSL,1864.650,Month-to-month,0,Bank transfer (automatic),32,No
GGCNO71283,0,0,0,H,72.800,Oui,Yes,Fibre,3249.400,Month-to-month,0,Bank transfer (automatic),46,No
MVHJT35975,0,0,0,F,95.600,Oui,Yes,Fibre,2595.250,Month-to-month,1,Bank transfer (automatic),27,No
MTETI12735,0,1,0,F,88.850,Oui,Yes,Fibre,372.450,Month-to-month,1,Electronic check,4,Yes
IXNDM69865,0,0,0,H,92.900,Oui,No,Fibre,1337.450,Month-to-month,1,Electronic check,14,No
AXSDC22772,0,0,0,F,19.750,Oui,No,Non,624.150,One year,0,Bank transfer (automatic),32,No
FZWSY67295,0,0,0,H,19.450,Oui,No,Non,1195.950,One year,1,Mailed check,67,No
LDCZR93869,0,0,0,H,90.650,Oui,No,Fibre,3882.300,One year,1,Credit card (automatic),43,No
FQBOX36234,0,0,0,H,19.950,Oui,No,Non,416.400,Month-to-month,1,Mailed check,21,No
UJZLF59487,0,0,0,H,49.250,Oui,No,ADSL,97.000,Month-to-month,0,Mailed check,2,No
BZVLZ99281,0,0,0,F,49.850,Non,No phone service,ADSL,552.100,Two year,0,Mailed check,12,No
AWNQW77461,0,0,0,F,35.750,Non,No phone service,ADSL,961.400,Month-to-month,1,Mailed check,28,No
FBPTK21072,0,1,0,F,104.100,Oui,Yes,Fibre,3121.100,Month-to-month,1,Electronic check,30,No
DDBWU19654,0,0,0,H,89.050,Oui,Yes,Fibre,1448.600,Month-to-month,1,Credit card (automatic),16,Yes
JGYRJ63023,0,0,1,H,79.450,Oui,Yes,ADSL,2587.700,One year,1,Mailed check,31,Yes
KUGLL65025,1,0,1,F,59.450,Oui,No,ADSL,780.850,Month-to-month,0,Bank transfer (automatic),14,No
OCCKE98663,1,1,0,F,109.750,Oui,Yes,Fibre,8075.350,Two year,1,Mailed check,72,No
JRNFS38938,0,0,0,H,39.900,Non,No phone service,ADSL,2796.350,Month-to-month,1,Bank transfer (automatic),68,No
JOPHL41372,0,0,0,F,89.700,Oui,No,Fibre,4304.500,Two year,1,Bank transfer (automatic),50,No
OHFOW43237,1,1,0,F,105.550,Oui,Yes,Fibre,7195.350,One year,1,Bank transfer (automatic),70,No
XMUWV19728,1,0,0,F,59.800,Oui,No,ADSL,3808.200,Two year,1,Credit card (automatic),65,No
IOFGU19151,0,0,0,F,70.500,Oui,No,Fibre,70.500,Month-to-month,0,Electronic check,1,Yes
VCELR79824,0,0,0,F,94.800,Oui,No,Fibre,3565.650,Month-to-month,1,Credit card (automatic),36,No
NDKJM06997,1,0,0,F,58.750,Non,No phone service,ADSL,3437.450,Month-to-month,1,Bank transfer (automatic),57,No
MKHYU46338,0,0,0,F,88.400,Oui,No,Fibre,788.600,Month-to-month,1,Mailed check,9,No
CQOOL92695,0,0,1,H,54.700,Oui,No,ADSL,169.450,Month-to-month,1,Credit card (automatic),3,Yes
YWTCD29954,1,0,1,F,24.900,Oui,Yes,Non,467.700,Two year,1,Bank transfer (automatic),19,No
AXPUC59897,1,0,0,F,118.600,Oui,Yes,Fibre,7990.050,Two year,0,Mailed check,68,No
CACDQ27396,0,1,0,F,82.650,Oui,Yes,Fibre,1470.050,Month-to-month,1,Credit card (automatic),17,No
XYPWT80297,1,1,0,H,115.050,Oui,Yes,Fibre,8016.600,Two year,1,Bank transfer (automatic),71,No
HMYNL38017,1,0,1,H,89.150,Oui,No,Fibre,89.150,Month-to-month,0,Mailed check,1,Yes
RBTLU68987,1,0,1,F,79.300,Oui,Yes,ADSL,3902.450,Two year,0,Bank transfer (automatic),49,No
NGOCH48227,0,0,0,F,84.450,Oui,Yes,Fibre,1058.600,Month-to-month,1,Electronic check,13,Yes
DXXDF11165,0,0,0,H,100.450,Oui,No,Fibre,3801.700,Two year,1,Electronic check,39,No
RPWXZ13062,0,0,1,F,20.450,Oui,No,Non,1024.650,Two year,0,Credit card (automatic),49,No
RMPOV59341,0,0,1,F,84.750,Oui,Yes,Fibre,1816.750,Month-to-month,1,Electronic check,22,No
RWMUB68975,1,0,1,H,68.050,Oui,No,ADSL,4158.250,Two year,1,Bank transfer (automatic),61,No
IXHRQ78936,0,0,0,H,20.550,Oui,No,Non,20.550,Month-to-month,0,Electronic check,1,Yes
QIVME18751,1,0,0,F,104.400,Oui,Yes,Fibre,242.800,Month-to-month,1,Electronic check,2,Yes
YZODP42916,0,0,1,F,20.050,Oui,No,Non,96.800,One year,0,Mailed check,7,No
NZATJ16352,1,1,0,H,25.450,Oui,Yes,Non,1789.650,Two year,0,Credit card (automatic),71,No
HNVGP98475,0,0,0,H,19.950,Oui,No,Non,310.600,One year,0,Mailed check,17,No
ZKXGG35196,1,0,0,F,75.850,Oui,Yes,Fibre,256.600,Month-to-month,1,Electronic check,3,Yes
NLTGF80924,0,0,0,H,24.750,Oui,Yes,Non,1777.600,Two year,0,Bank transfer (automatic),72,No
WEPDS13719,1,1,0,H,55.800,Oui,No,ADSL,2283.300,One year,0,Electronic check,40,No
BVKSO83171,0,0,0,H,20.050,Oui,No,Non,299.300,Month-to-month,1,Electronic check,14,No
AQCPF26929,1,0,0,F,108.050,Oui,Yes,Fibre,7118.900,One year,1,Credit card (automatic),65,No
CSFON04346,1,0,0,F,100.500,Oui,Yes,Fibre,4707.100,Month-to-month,1,Electronic check,47,No
SMPEX21205,0,0,0,H,20.150,Oui,No,Non,536.350,Month-to-month,1,Mailed check,25,No
YVUSR32957,0,1,0,H,72.600,Oui,Yes,Fibre,154.300,Month-to-month,1,Mailed check,2,No
QRJHC47856,1,1,0,H,59.900,Non,No phone service,ADSL,2816.650,One year,1,Bank transfer (automatic),46,Yes
YOLJN57938,1,0,1,F,21.000,Oui,No,Non,1210.300,Two year,0,Mailed check,55,No
DRSMG16567,0,0,0,F,109.850,Oui,Yes,Fibre,7002.950,Month-to-month,1,Credit card (automatic),63,No
ZZIAY90735,1,0,1,H,86.100,Oui,No,ADSL,5215.250,Two year,0,Electronic check,62,No
BEMNG04475,1,0,0,F,45.300,Non,No phone service,ADSL,2145.000,Month-to-month,1,Bank transfer (automatic),48,Yes
TBELP63391,0,0,0,H,86.400,Oui,Yes,Fibre,6172.000,Two year,1,Credit card (automatic),71,No
XCCEM94709,1,0,1,H,89.650,Oui,Yes,Fibre,3161.600,Month-to-month,1,Bank transfer (automatic),35,No
IVVPA82241,0,0,0,F,56.700,Oui,No,ADSL,1652.950,Month-to-month,1,Mailed check,27,No
LJSZU15684,1,0,1,H,92.200,Oui,Yes,ADSL,6392.850,Two year,1,Credit card (automatic),68,No
LXDBK97701,0,0,0,F,20.400,Oui,No,Non,63.150,Month-to-month,0,Mailed check,3,No
MXVRN50069,0,0,0,F,20.700,Oui,No,Non,762.450,Two year,0,Credit card (automatic),39,No
UEDAI04409,0,0,0,F,94.450,Oui,No,Fibre,5042.750,One year,1,Credit card (automatic),53,No
APWVY04312,1,0,1,F,90.100,Oui,No,Fibre,2598.950,One year,1,Bank transfer (automatic),28,Yes
ZIMKF53999,0,0,0,H,74.650,Oui,No,Fibre,383.650,Month-to-month,1,Electronic check,5,No
ZMCTB24287,0,0,0,H,19.750,Oui,No,Non,208.250,Month-to-month,0,Credit card (automatic),10,No
QDAVC84569,0,0,0,H,78.700,Oui,No,Fibre,1495.100,Month-to-month,1,Bank transfer (automatic),19,No
PIZRT46445,1,0,1,H,70.350,Oui,Yes,ADSL,1201.650,One year,1,Bank transfer (automatic),17,No
USJHP48271,0,0,0,H,51.800,Oui,No,ADSL,1023.850,Month-to-month,1,Mailed check,20,No
NRZAK66218,1,0,1,F,20.000,Oui,No,Non,1209.250,Two year,0,Credit card (automatic),63,No
BIKKF07441,0,0,0,H,86.650,Oui,Yes,ADSL,6224.800,Two year,0,Bank transfer (automatic),72,No
HFBXA14554,1,0,0,H,91.600,Oui,Yes,Fibre,4627.800,Two year,1,Credit card (automatic),52,No
ZJAJO73286,1,0,1,F,19.500,Oui,No,Non,1222.650,Two year,0,Credit card (automatic),59,No
DKQGE64408,0,0,1,H,64.500,Oui,No,ADSL,1929.950,One year,0,Credit card (automatic),30,No
GWUIN34523,1,1,0,F,94.950,Oui,Yes,Fibre,1760.250,Month-to-month,1,Electronic check,19,No
MDMBK97465,1,0,1,H,113.450,Oui,Yes,Fibre,5317.800,One year,1,Bank transfer (automatic),47,No
ZEYVT93885,0,0,0,H,44.150,Non,No phone service,ADSL,1931.300,One year,0,Electronic check,43,No
BAFSJ34742,1,0,0,H,57.500,Non,No phone service,ADSL,3265.950,Two year,1,Bank transfer (automatic),57,No
OXKFY91023,0,0,0,H,54.150,Oui,Yes,ADSL,3116.150,Two year,0,Credit card (automatic),59,No
URWQU69682,1,0,0,H,56.350,Oui,No,ADSL,2391.150,One year,1,Mailed check,43,No
HIWJJ80606,0,0,0,H,86.550,Oui,Yes,ADSL,5632.550,Two year,0,Credit card (automatic),64,No
KIUDI40203,1,0,1,H,19.850,Oui,No,Non,138.850,Month-to-month,0,Credit card (automatic),6,No
TXLSL13637,1,1,0,H,70.300,Oui,No,Fibre,70.300,Month-to-month,1,Electronic check,1,Yes
QNRUS75276,1,0,1,H,25.150,Oui,Yes,Non,412.600,Two year,1,Mailed check,17,No
ENBZX86518,0,1,0,F,106.000,Oui,Yes,Fibre,6441.400,One year,1,Electronic check,60,Yes
NXAZG38929,1,0,1,H,114.050,Oui,Yes,Fibre,8289.200,Two year,1,Credit card (automatic),72,No
VIPRI11637,1,0,1,F,109.300,Oui,Yes,Fibre,7337.550,Two year,0,Electronic check,65,No
KNUBD62189,0,0,0,H,59.450,Oui,No,ADSL,357.600,Month-to-month,0,Electronic check,6,No
SDGKB86408,0,0,0,H,74.400,Oui,No,ADSL,299.700,Month-to-month,1,Electronic check,4,Yes
YPRNG22493,1,0,1,F,105.850,Oui,Yes,Fibre,2239.650,Month-to-month,1,Bank transfer (automatic),20,Yes
FCIFB47852,1,0,0,F,24.400,Oui,Yes,Non,1417.900,Two year,0,Mailed check,61,No
SNJJD34198,1,1,0,F,105.250,Oui,Yes,Fibre,6786.400,Month-to-month,0,Bank transfer (automatic),65,Yes
JAFOM21217,1,0,0,F,115.550,Oui,Yes,Fibre,8312.400,Two year,1,Credit card (automatic),72,No
YGYAI33897,0,1,0,F,105.500,Oui,Yes,Fibre,829.550,Month-to-month,1,Electronic check,8,Yes
EOXWV90333,0,0,0,F,74.050,Oui,Yes,ADSL,872.650,One year,0,Mailed check,12,Yes
GJPSO61796,0,1,0,F,108.150,Oui,No,Fibre,4600.700,Month-to-month,1,Credit card (automatic),43,Yes
EQRXU96676,0,1,0,F,40.300,Non,No phone service,ADSL,1172.950,Month-to-month,1,Electronic check,30,Yes
PANSQ78248,0,0,0,H,80.650,Oui,Yes,Fibre,4807.350,Month-to-month,0,Bank transfer (automatic),58,No
UPSND23613,1,0,0,F,70.600,Oui,No,ADSL,3231.050,One year,0,Mailed check,46,No
OMDZZ93603,0,0,0,H,94.100,Oui,Yes,Fibre,2322.850,Month-to-month,1,Electronic check,24,No
QVWQL76148,1,0,1,H,51.800,Non,No phone service,ADSL,2541.250,One year,1,Bank transfer (automatic),49,Yes
OQMDK06443,0,1,0,H,70.650,Oui,No,Fibre,293.850,Month-to-month,1,Electronic check,4,No
TNMNX88653,1,0,1,H,49.550,Oui,No,ADSL,475.700,One year,0,Mailed check,10,No
CENIM11144,0,0,1,H,55.000,Oui,Yes,ADSL,3092.650,Month-to-month,1,Credit card (automatic),54,Yes
DQPWX39337,0,0,0,F,39.700,Non,No phone service,ADSL,1932.750,Two year,0,Credit card (automatic),50,No
YTYHG77166,1,0,1,F,82.050,Oui,Yes,Fibre,4029.950,One year,1,Mailed check,48,Yes
AUXBZ79275,0,0,0,F,85.150,Oui,No,Fibre,2555.900,Month-to-month,0,Electronic check,30,Yes
AHZIL56309,0,0,1,F,64.500,Oui,No,ADSL,177.400,Month-to-month,1,Bank transfer (automatic),3,No
AQORL90136,0,0,1,F,45.550,Non,No phone service,ADSL,2108.350,Month-to-month,0,Credit card (automatic),48,No
LSLWQ33016,0,0,0,F,66.100,Oui,Yes,ADSL,1912.150,Month-to-month,1,Electronic check,29,No
CKRSM67347,0,0,0,F,20.000,Oui,No,Non,63.600,Month-to-month,0,Mailed check,3,No
PAQPD72286,0,0,0,F,59.100,Oui,No,ADSL,772.850,One year,0,Credit card (automatic),14,No
RKIFK56286,0,1,0,F,101.550,Oui,Yes,Fibre,5070.400,Month-to-month,0,Credit card (automatic),49,No
BZCHP53463,1,0,1,F,19.400,Oui,No,Non,1346.200,Two year,0,Mailed check,69,No
UUAJR07391,1,0,1,F,53.800,Non,No phone service,ADSL,3952.450,Two year,1,Credit card (automatic),72,No
SHUHB97951,1,0,1,F,58.200,Oui,No,ADSL,3810.800,Two year,1,Credit card (automatic),66,No
LMANN93911,0,0,1,H,95.950,Oui,No,Fibre,5036.900,One year,0,Electronic check,53,No
IMDHU85192,1,1,0,H,85.600,Oui,Yes,Fibre,1345.550,Month-to-month,1,Bank transfer (automatic),15,Yes
JFHOL06213,0,0,0,F,29.600,Non,No phone service,ADSL,299.050,Two year,1,Mailed check,10,No
ARPHK40111,0,0,0,H,50.350,Oui,No,ADSL,1411.350,Month-to-month,0,Mailed check,27,No
VMJHP63842,0,0,0,F,73.000,Oui,No,ADSL,5265.200,Two year,1,Credit card (automatic),72,No
SJFFA40747,0,0,0,F,54.750,Oui,No,ADSL,54.750,Month-to-month,1,Mailed check,1,Yes
VBLFL65045,1,0,0,H,58.600,Oui,No,ADSL,3068.600,Two year,0,Electronic check,55,No
PQBYH34578,1,0,1,F,20.300,Oui,No,Non,1160.750,Two year,0,Credit card (automatic),58,No
EXZHB45059,0,1,0,F,74.400,Oui,No,Fibre,434.100,Month-to-month,0,Electronic check,6,Yes
UYJSV14294,0,0,0,F,19.700,Oui,No,Non,260.900,One year,0,Mailed check,12,No
GGUII46542,0,0,0,F,40.200,Non,No phone service,ADSL,711.950,One year,1,Mailed check,18,No
HPFVY40292,0,0,0,H,70.300,Oui,No,Fibre,220.400,Month-to-month,1,Mailed check,3,No
FZJWE45474,1,0,1,H,59.450,Oui,No,ADSL,3157.000,One year,0,Credit card (automatic),55,No
LXCAF73415,1,0,0,H,74.650,Oui,Yes,Fibre,301.400,Month-to-month,1,Electronic check,4,Yes
WITXK24085,0,1,0,F,34.700,Non,No phone service,ADSL,329.800,Month-to-month,1,Electronic check,10,Yes
GBIVW29884,1,1,0,F,90.850,Oui,Yes,Fibre,6470.100,Month-to-month,1,Electronic check,70,No
AYCRP25893,0,0,0,F,19.750,Oui,No,Non,989.050,One year,0,Bank transfer (automatic),50,No
XSZIY76846,1,0,1,H,24.300,Oui,Yes,Non,1643.250,Two year,0,Bank transfer (automatic),72,No
MNYOY76321,0,1,0,H,110.900,Oui,Yes,Fibre,7432.050,One year,0,Credit card (automatic),66,Yes
WGKHP27208,0,1,0,H,94.000,Oui,Yes,Fibre,181.700,Month-to-month,1,Electronic check,2,Yes
QSIVB11212,0,0,1,F,77.550,Oui,Yes,ADSL,3471.100,One year,1,Mailed check,44,No
ELFTS45977,0,0,0,H,24.900,Oui,Yes,Non,1334.000,One year,0,Electronic check,56,Yes
PDUJF56002,0,0,0,H,49.500,Oui,No,ADSL,312.700,Month-to-month,1,Credit card (automatic),6,No
FLHYD34522,1,0,0,H,20.950,Oui,No,Non,495.150,One year,1,Bank transfer (automatic),25,No
ZNUYY74356,0,0,0,H,20.600,Oui,No,Non,116.600,One year,0,Mailed check,6,No
GTSAQ96514,1,0,0,F,106.100,Oui,No,Fibre,5769.750,One year,1,Bank transfer (automatic),53,Yes
IUJYX11138,1,0,0,F,105.950,Oui,No,Fibre,1348.900,One year,0,Mailed check,14,Yes
HRPHI37454,1,0,1,H,54.650,Non,No phone service,ADSL,3632.000,Two year,0,Bank transfer (automatic),66,No
KVTHK83758,1,0,0,H,100.300,Oui,No,Fibre,6754.350,One year,1,Electronic check,68,No
NKTFD99724,0,0,0,F,54.650,Oui,No,ADSL,1517.500,Month-to-month,0,Bank transfer (automatic),28,No
IWTJI45928,1,0,1,F,29.700,Non,No phone service,ADSL,91.700,Month-to-month,0,Credit card (automatic),3,Yes
MJLZC90586,0,0,0,F,94.600,Oui,No,Fibre,2283.150,Month-to-month,1,Electronic check,24,No
LHEVG90267,0,0,0,F,40.750,Non,No phone service,ADSL,359.400,Month-to-month,0,Electronic check,9,No
ZKHLY46234,1,0,0,H,20.450,Oui,No,Non,471.550,Month-to-month,1,Bank transfer (automatic),22,No
HDZEE86776,0,0,0,F,105.450,Oui,Yes,Fibre,5916.950,Month-to-month,1,Bank transfer (automatic),56,No
BTGQO34706,0,0,1,H,45.650,Oui,No,ADSL,985.050,Month-to-month,0,Mailed check,21,No
KWFBM33729,0,1,0,H,86.600,Oui,Yes,Fibre,1281.000,Month-to-month,1,Electronic check,16,Yes
RUGGH60245,1,0,1,H,25.200,Oui,Yes,Non,1798.900,Two year,1,Bank transfer (automatic),72,No
MTZNV89508,0,0,0,H,44.950,Oui,No,ADSL,44.950,Month-to-month,1,Mailed check,1,No
BXMRG60886,1,0,1,F,98.850,Oui,Yes,Fibre,3089.600,Month-to-month,1,Electronic check,32,No
ROOLM94676,0,0,0,F,19.050,Oui,No,Non,461.300,Month-to-month,0,Mailed check,25,No
DRYDS97982,1,0,1,F,61.950,Oui,Yes,ADSL,1070.700,One year,1,Mailed check,17,No
XJFUP20373,1,0,0,H,95.800,Oui,No,Fibre,3036.750,One year,1,Electronic check,33,Yes
NGMXB30593,1,0,1,H,69.200,Oui,Yes,ADSL,944.650,Month-to-month,0,Mailed check,14,No
TZMLR79757,0,0,0,H,103.100,Oui,Yes,Fibre,4889.300,One year,1,Electronic check,47,No
QWQUL23594,1,0,0,F,104.700,Oui,No,Fibre,4134.850,One year,1,Credit card (automatic),39,Yes
EPOAZ59552,0,0,0,F,20.950,Oui,No,Non,109.500,Month-to-month,1,Mailed check,6,No
ILJBN29078,1,0,1,F,20.600,Oui,No,Non,233.900,One year,0,Mailed check,11,No
EVPHY46197,1,1,0,F,91.000,Oui,No,Fibre,1859.500,One year,1,Bank transfer (automatic),20,No
FJSVR13346,0,0,0,H,24.250,Non,No phone service,ADSL,24.250,Month-to-month,1,Electronic check,1,Yes
UJWYS77589,1,0,1,H,40.550,Non,No phone service,ADSL,1325.850,Two year,1,Electronic check,34,No
BPHTP17857,1,0,1,H,85.450,Oui,No,Fibre,2289.900,Month-to-month,0,Electronic check,28,No
XTSKM39416,1,0,1,H,45.100,Non,No phone service,ADSL,2049.050,One year,1,Credit card (automatic),42,No
NDKME93816,1,1,0,F,40.650,Non,No phone service,ADSL,933.300,Month-to-month,1,Credit card (automatic),24,Yes
RANCD21015,0,0,0,F,73.100,Oui,Yes,Fibre,4144.900,Month-to-month,1,Electronic check,55,No
IBOOY23627,0,0,0,H,84.750,Oui,Yes,Fibre,3050.150,Month-to-month,1,Electronic check,36,Yes
VUNUW07337,0,0,0,H,55.650,Oui,Yes,ADSL,1400.550,Month-to-month,1,Bank transfer (automatic),24,Yes
ADWXJ49239,0,0,0,F,65.800,Oui,No,ADSL,1679.650,Month-to-month,1,Bank transfer (automatic),25,No
LKLIK14039,1,0,1,F,20.100,Oui,No,Non,579.400,One year,0,Mailed check,33,No
CSMWE98851,0,1,0,F,78.450,Oui,No,Fibre,78.450,Month-to-month,0,Electronic check,1,Yes
LEPIM58048,0,1,0,F,70.350,Oui,No,Fibre,139.050,Month-to-month,1,Electronic check,2,Yes
TQFHN76417,0,0,1,H,100.550,Oui,Yes,Fibre,3895.350,Two year,0,Mailed check,39,No
AHWMW47019,1,0,0,H,54.550,Non,No phone service,ADSL,2978.300,Month-to-month,1,Bank transfer (automatic),55,Yes
DXNKN28242,1,0,1,F,71.450,Oui,Yes,ADSL,5025.850,Two year,1,Bank transfer (automatic),72,No
EARAT34876,1,0,1,F,74.100,Oui,No,ADSL,5222.300,One year,0,Credit card (automatic),70,No
RRYGO21416,0,0,0,F,68.650,Oui,No,ADSL,261.250,Month-to-month,1,Bank transfer (automatic),4,Yes
XUIFC38349,0,0,0,H,85.200,Oui,Yes,Fibre,602.550,Month-to-month,1,Mailed check,7,Yes
GYYKX76477,1,0,1,F,20.350,Oui,No,Non,1092.350,Two year,1,Bank transfer (automatic),54,No
CROMM40772,1,0,1,F,104.200,Oui,Yes,Fibre,3243.450,Month-to-month,1,Electronic check,31,Yes
QONEA46677,1,1,1,F,74.850,Oui,No,ADSL,4456.350,One year,1,Credit card (automatic),60,No
AACSZ03746,0,0,0,F,50.150,Oui,No,ADSL,50.150,Month-to-month,0,Electronic check,1,No
TUPSH53973,1,1,0,H,70.950,Oui,No,Fibre,4555.200,One year,1,Bank transfer (automatic),65,No
ZPQNC57779,0,0,0,F,20.150,Oui,No,Non,260.700,One year,0,Electronic check,12,No
TKFSV92427,1,0,1,H,65.100,Non,No phone service,ADSL,4754.300,Two year,1,Credit card (automatic),72,No
YKQBO23205,0,0,0,F,19.300,Oui,No,Non,144.950,Month-to-month,0,Mailed check,7,No
SUIUH13944,1,1,0,F,85.150,Oui,No,Fibre,3670.500,Month-to-month,1,Electronic check,44,No
QSXOE01873,1,1,0,H,89.000,Oui,No,Fibre,605.450,Month-to-month,1,Electronic check,7,No
APLHW98176,0,0,0,H,25.000,Oui,Yes,Non,316.200,Month-to-month,0,Electronic check,12,No
EKDCF04402,1,0,0,H,60.150,Oui,No,ADSL,3753.200,Two year,1,Credit card (automatic),62,No
WFGFH62317,1,0,1,H,20.500,Oui,No,Non,77.600,Month-to-month,1,Mailed check,4,No
JIJCI20419,0,0,0,F,64.000,Oui,Yes,ADSL,370.250,Month-to-month,1,Electronic check,5,No
YFPKQ51597,0,0,0,F,75.800,Oui,No,Fibre,160.750,Month-to-month,1,Electronic check,2,Yes
PLQVO24468,0,0,0,H,70.300,Oui,No,Fibre,70.300,Month-to-month,1,Electronic check,1,Yes
IHZJA71369,1,0,1,F,71.350,Oui,No,ADSL,2847.200,Month-to-month,1,Mailed check,40,No
BAFNW20498,0,0,0,F,35.900,Non,No phone service,ADSL,35.900,Month-to-month,0,Mailed check,1,No
ZNRTR73192,1,0,1,H,19.600,Oui,No,Non,411.150,One year,0,Electronic check,25,No
OXPPQ26767,0,0,0,H,55.700,Oui,No,ADSL,335.650,Month-to-month,1,Bank transfer (automatic),6,No
SKJLR87283,0,0,0,H,74.250,Oui,No,Fibre,3089.100,Month-to-month,1,Electronic check,41,No
WFMFH83448,0,0,1,H,50.100,Oui,No,ADSL,484.050,Month-to-month,1,Electronic check,9,No
IQIGL49883,0,1,0,H,75.350,Oui,Yes,Fibre,75.350,Month-to-month,1,Electronic check,1,Yes
DYYFX62022,0,0,0,F,76.000,Oui,Yes,Fibre,1783.600,One year,1,Credit card (automatic),22,No
KPRBB10242,0,0,0,F,89.100,Oui,No,Fibre,3342.000,One year,1,Mailed check,38,No
HXCFZ39347,1,0,0,H,99.250,Oui,Yes,Fibre,2186.400,Month-to-month,1,Electronic check,23,Yes
GKBTK26616,1,0,1,H,76.950,Oui,No,ADSL,4543.950,Two year,0,Bank transfer (automatic),60,No
ECUTN54999,1,0,0,F,66.050,Oui,No,ADSL,3021.450,One year,1,Credit card (automatic),47,No
LGNFY02444,1,0,1,F,92.650,Oui,Yes,ADSL,6733.000,Two year,0,Bank transfer (automatic),72,No
HYIEZ58049,1,0,1,H,106.050,Oui,Yes,Fibre,7554.050,Month-to-month,1,Electronic check,70,No
INGJY96178,0,0,0,H,70.600,Oui,No,Fibre,70.600,Month-to-month,1,Mailed check,1,No
YSOGZ49529,1,0,1,F,85.950,Oui,Yes,Fibre,381.300,Month-to-month,1,Electronic check,4,Yes
KMVXD85846,0,0,0,F,75.600,Oui,No,Fibre,535.550,Month-to-month,0,Electronic check,8,No
TBHQT37266,1,0,1,H,114.000,Oui,Yes,Fibre,8175.900,Two year,1,Bank transfer (automatic),71,No
CKBCL45298,0,0,0,F,80.200,Oui,No,Fibre,146.050,Month-to-month,1,Electronic check,2,Yes
EGDDA05854,1,0,0,H,80.000,Oui,No,Fibre,3168.750,Month-to-month,1,Electronic check,40,No
FNMMI22436,0,0,0,H,19.400,Oui,No,Non,415.400,Month-to-month,0,Mailed check,20,No
ESQMW18184,0,0,0,F,89.200,Oui,No,Fibre,2383.600,Month-to-month,1,Electronic check,27,No
SGLHU68742,0,0,0,H,97.000,Oui,No,Fibre,3021.300,One year,1,Bank transfer (automatic),30,No
ZXLSU89904,0,0,0,F,69.050,Oui,No,Fibre,651.500,Month-to-month,0,Electronic check,9,No
SKNQZ73982,1,0,0,F,94.900,Oui,Yes,Fibre,273.200,Month-to-month,0,Electronic check,3,No
KYNQY38231,0,0,0,H,24.950,Oui,Yes,Non,280.400,One year,0,Credit card (automatic),12,No
PKOAM68852,1,0,0,F,85.750,Oui,Yes,ADSL,6223.800,Two year,0,Credit card (automatic),71,No
LRZIR38122,1,0,1,F,24.500,Oui,Yes,Non,761.950,Two year,0,Electronic check,27,No
MWODR93627,0,0,1,F,64.100,Oui,No,ADSL,2460.350,Month-to-month,1,Credit card (automatic),40,No
FKYTX09468,0,0,0,H,30.100,Non,No phone service,ADSL,1623.400,One year,0,Mailed check,52,No
TBVCF81742,1,0,0,F,94.800,Oui,Yes,ADSL,6859.050,Two year,1,Credit card (automatic),70,No
OXWBT07345,0,0,1,H,70.700,Oui,No,ADSL,225.650,Month-to-month,0,Mailed check,3,No
YEUWS36829,1,0,1,H,24.400,Oui,Yes,Non,253.900,Month-to-month,1,Mailed check,10,No
RMRLG45419,0,0,0,H,19.250,Oui,No,Non,112.300,Month-to-month,0,Electronic check,7,Yes
XCGTF08988,1,0,0,H,96.500,Oui,Yes,Fibre,5673.700,One year,1,Bank transfer (automatic),61,No
TAIKL53098,0,0,0,F,62.800,Oui,No,ADSL,418.300,Month-to-month,0,Bank transfer (automatic),7,No
YOSUK48157,1,0,1,H,104.900,Oui,Yes,Fibre,7537.500,One year,1,Credit card (automatic),72,No
DAOQL59969,0,0,0,H,20.450,Oui,No,Non,20.450,Month-to-month,1,Mailed check,1,No
RAFML15829,0,0,0,H,60.100,Oui,Yes,ADSL,60.100,Month-to-month,0,Mailed check,1,Yes
GSTJK82589,0,1,0,H,77.000,Oui,Yes,Fibre,237.750,Month-to-month,1,Electronic check,3,Yes
NDAFP00717,1,0,1,H,25.500,Oui,Yes,Non,630.600,Two year,0,Credit card (automatic),25,No
PGELS00323,1,0,1,F,30.500,Non,No phone service,ADSL,30.500,Month-to-month,0,Bank transfer (automatic),1,Yes
MCOEH65743,1,0,1,F,79.150,Oui,Yes,ADSL,2531.400,One year,1,Electronic check,33,No
ZMAME17303,0,1,0,F,79.500,Oui,No,Fibre,2665.000,Month-to-month,1,Electronic check,32,No
RYYRL22079,1,0,1,H,24.550,Oui,Yes,Non,1331.050,Two year,0,Mailed check,52,No
OUICF55694,1,1,0,F,101.300,Oui,Yes,Fibre,2812.200,Month-to-month,1,Credit card (automatic),28,Yes
GFCFI45147,0,1,0,F,84.750,Oui,Yes,Fibre,1350.150,Month-to-month,1,Electronic check,16,Yes
EFSMO91385,1,0,1,H,78.950,Oui,No,Fibre,2034.250,One year,0,Bank transfer (automatic),26,No
CRYFY87402,0,0,0,H,78.950,Oui,No,Fibre,78.950,Month-to-month,1,Electronic check,1,Yes
FKCZK40575,1,0,1,H,82.500,Oui,Yes,Fibre,4828.050,Two year,0,Bank transfer (automatic),58,No
FXOTP56475,1,1,0,F,105.900,Oui,Yes,Fibre,6401.250,Month-to-month,1,Electronic check,60,No
IMUKT52223,0,0,0,H,91.050,Oui,No,Fibre,2871.500,Month-to-month,0,Electronic check,32,No
WIYYZ12374,0,0,0,F,19.550,Oui,No,Non,389.250,Month-to-month,1,Mailed check,18,No
PPHDO02951,0,0,0,H,95.450,Oui,Yes,Fibre,95.450,Month-to-month,1,Electronic check,1,Yes
MFWGD97589,1,1,1,F,29.900,Non,No phone service,ADSL,1388.750,One year,0,Bank transfer (automatic),48,No
TMRBY86237,1,1,1,H,84.200,Oui,Yes,Fibre,4146.050,Month-to-month,1,Electronic check,51,Yes
ZRYCV60344,1,0,0,F,54.200,Non,No phone service,ADSL,3937.450,Two year,1,Electronic check,72,Yes
ZEKEF77034,0,0,0,H,81.000,Oui,Yes,Fibre,1917.100,Month-to-month,1,Electronic check,23,Yes
OOBWZ41435,1,0,0,H,81.300,Oui,Yes,Fibre,416.300,Month-to-month,1,Electronic check,5,Yes
TMWIR48956,1,1,0,H,19.950,Oui,No,Non,214.750,Month-to-month,0,Mailed check,11,Yes
SUIRI53854,1,1,0,H,104.200,Oui,Yes,Fibre,5568.350,Month-to-month,1,Electronic check,52,Yes
YZVVX39266,0,0,0,F,50.050,Oui,No,ADSL,2029.050,One year,0,Bank transfer (automatic),41,No
HJWXJ06219,1,0,0,F,81.550,Oui,Yes,Fibre,5029.050,Month-to-month,1,Bank transfer (automatic),63,No
FEHVL15483,1,0,0,H,106.200,Oui,Yes,Fibre,6375.200,Month-to-month,1,Electronic check,61,No
LWCMV54294,0,0,0,F,89.150,Oui,Yes,Fibre,1057.550,Month-to-month,1,Electronic check,12,No
APWZC57979,0,0,0,F,90.600,Oui,No,Fibre,90.600,Month-to-month,0,Electronic check,1,Yes
CGYCZ45585,0,0,0,H,19.750,Oui,No,Non,78.300,Month-to-month,0,Mailed check,4,No
GOQSH85445,0,0,0,F,80.050,Oui,No,Fibre,1112.300,Month-to-month,1,Credit card (automatic),14,No
CAURT46564,0,0,0,H,23.950,Oui,Yes,Non,1713.100,Two year,0,Bank transfer (automatic),69,No
ISCBM67385,0,0,0,H,54.000,Non,No phone service,ADSL,2440.250,One year,1,Electronic check,44,No
AWCXC85109,0,1,0,F,100.800,Oui,Yes,Fibre,1308.100,Month-to-month,1,Electronic check,13,Yes
TJAFG81185,1,0,1,H,101.500,Oui,No,Fibre,906.850,Month-to-month,1,Electronic check,9,No
KJYUY40183,0,0,1,H,20.150,Oui,No,Non,432.500,Month-to-month,0,Credit card (automatic),22,No
DDUOU42556,1,0,1,F,20.500,Oui,No,Non,20.500,Month-to-month,1,Mailed check,1,Yes
OHFWR67021,0,1,0,H,43.300,Non,No phone service,ADSL,43.300,Month-to-month,1,Electronic check,1,Yes
ENDWQ25301,1,0,0,F,93.700,Oui,Yes,Fibre,6585.350,Two year,1,Bank transfer (automatic),71,Yes
NLEGT81486,1,0,1,F,22.950,Oui,Yes,Non,1014.250,Two year,0,Electronic check,42,No
AEZZR17614,0,0,0,H,79.550,Oui,No,Fibre,79.550,Month-to-month,1,Electronic check,1,Yes
LYNGM63589,0,0,0,H,74.900,Oui,Yes,Fibre,74.900,Month-to-month,1,Electronic check,1,Yes
DFPMD94902,0,1,0,F,84.650,Oui,Yes,Fibre,3541.350,Month-to-month,1,Electronic check,42,Yes
VUHPV32725,1,0,1,F,56.300,Oui,No,ADSL,401.500,Month-to-month,0,Bank transfer (automatic),8,No
VNWDH37566,1,1,0,H,100.750,Oui,Yes,Fibre,6674.650,One year,1,Electronic check,65,No
BIUOG18406,0,0,0,H,68.700,Oui,Yes,ADSL,1416.200,One year,1,Electronic check,20,No
OCQXK20041,0,0,0,F,81.950,Oui,No,Fibre,81.950,Month-to-month,1,Electronic check,1,Yes
EMUWF84013,1,0,1,H,69.400,Oui,Yes,ADSL,3058.300,Month-to-month,1,Bank transfer (automatic),42,No
OPBBH65462,1,0,1,H,23.950,Oui,Yes,Non,1216.350,One year,1,Mailed check,51,No
BGSZA78689,1,0,0,H,80.200,Oui,Yes,ADSL,3581.600,One year,1,Electronic check,43,No
GGAWX13708,0,0,0,F,94.150,Oui,Yes,Fibre,4408.450,One year,1,Electronic check,46,No
CQYUZ71093,0,0,0,H,89.250,Oui,Yes,ADSL,4652.400,Two year,1,Mailed check,52,No
RAJVY43184,0,0,0,F,19.800,Oui,No,Non,198.250,One year,1,Mailed check,10,No
HTWFW23786,0,1,0,H,91.000,Oui,Yes,Fibre,3180.500,Month-to-month,0,Credit card (automatic),35,No
HIPFI71135,1,0,1,H,65.850,Oui,No,ADSL,4097.050,Two year,0,Mailed check,66,No
KHBPS54735,1,0,1,F,95.700,Oui,Yes,Fibre,4976.150,One year,1,Credit card (automatic),52,No
MCUUW20011,0,0,0,H,108.650,Oui,Yes,Fibre,4903.200,Two year,0,Electronic check,46,No
FJTQO02633,1,0,1,H,70.500,Oui,Yes,ADSL,3486.650,Two year,1,Credit card (automatic),50,No
URUWO08717,1,0,0,H,102.250,Oui,Yes,Fibre,1359.000,Month-to-month,1,Credit card (automatic),13,Yes
YLTKF44128,0,1,0,F,78.050,Oui,Yes,Fibre,2135.500,Month-to-month,1,Electronic check,27,Yes
YYPYJ73925,0,0,0,H,100.650,Oui,Yes,Fibre,2415.950,Month-to-month,1,Electronic check,22,No
JMLSX94353,1,0,0,H,86.100,Oui,No,ADSL,6045.900,Two year,1,Bank transfer (automatic),71,No
MFBYV71092,0,0,0,H,45.450,Oui,No,ADSL,1233.150,Month-to-month,0,Electronic check,26,No
GMEWB16089,0,1,0,H,93.900,Oui,Yes,Fibre,4200.250,Month-to-month,1,Bank transfer (automatic),45,No
QTTAI43119,0,0,0,F,19.350,Oui,No,Non,295.550,One year,0,Credit card (automatic),16,No
SAOCL11696,0,0,0,H,106.650,Oui,Yes,Fibre,5168.100,One year,1,Bank transfer (automatic),49,No
JRIOX91469,1,0,1,F,25.550,Oui,Yes,Non,372.450,Month-to-month,0,Mailed check,14,No
LLKUA46902,0,1,0,H,45.050,Oui,No,ADSL,770.600,Month-to-month,1,Electronic check,17,Yes
ZJRNM81653,1,0,1,F,23.750,Oui,Yes,Non,1679.250,Two year,0,Bank transfer (automatic),72,No
PJJDJ63223,1,0,0,H,94.800,Oui,No,Fibre,4690.650,Two year,1,Electronic check,49,No
MOZGR36895,0,0,0,F,31.200,Non,No phone service,ADSL,926.200,Month-to-month,1,Electronic check,29,No
QXEHN36444,1,0,1,H,97.000,Oui,No,Fibre,1334.450,Month-to-month,0,Electronic check,13,No
CAQUT98025,1,0,1,F,109.550,Oui,Yes,Fibre,7887.250,Two year,0,Credit card (automatic),72,No
PPXDV01044,1,0,0,H,50.300,Oui,No,ADSL,2878.550,One year,0,Credit card (automatic),58,No
ZMVTX95481,1,0,1,H,90.450,Oui,Yes,Fibre,6565.850,Two year,0,Bank transfer (automatic),72,No
IKXGC00213,0,1,0,F,72.100,Oui,Yes,Fibre,72.100,Month-to-month,1,Electronic check,1,No
NKHCX47855,0,1,0,H,20.050,Oui,No,Non,94.150,Month-to-month,0,Bank transfer (automatic),5,No
IDRZR96953,0,0,1,F,116.150,Oui,Yes,Fibre,3946.900,Two year,1,Credit card (automatic),34,No
DVDQQ38103,1,0,1,F,117.600,Oui,Yes,Fibre,8308.900,Two year,1,Bank transfer (automatic),72,No
LMDFQ79215,0,1,0,H,94.000,Oui,No,Fibre,4905.750,One year,1,Bank transfer (automatic),51,No
OQHGT89763,1,0,1,F,56.500,Oui,No,ADSL,235.100,Month-to-month,0,Mailed check,4,Yes
ZMSWS06978,0,0,0,H,85.650,Oui,Yes,Fibre,338.900,Month-to-month,1,Electronic check,4,Yes
JWSHV91897,1,1,0,F,93.550,Oui,Yes,Fibre,2264.050,Month-to-month,1,Electronic check,24,Yes
RTIQM40236,1,1,0,F,50.400,Non,No phone service,ADSL,1580.100,One year,1,Credit card (automatic),31,No
GFQHK43498,0,0,0,H,54.350,Oui,Yes,ADSL,54.350,Month-to-month,0,Electronic check,1,Yes
DDEMJ80806,0,1,0,H,45.100,Oui,No,ADSL,45.100,Month-to-month,0,Electronic check,1,Yes
ELEYA98715,0,0,1,F,67.650,Oui,No,ADSL,2339.300,Two year,0,Credit card (automatic),34,No
CFULU18557,0,1,0,F,20.050,Oui,No,Non,91.450,Month-to-month,0,Mailed check,4,No
JQJTX98486,0,0,0,H,100.900,Oui,Yes,Fibre,7459.050,Two year,1,Bank transfer (automatic),72,No
BMKWB53459,1,0,0,H,20.250,Oui,No,Non,158.350,Month-to-month,0,Mailed check,8,No
ALYBR91361,0,0,0,H,24.450,Non,No phone service,ADSL,24.450,Month-to-month,1,Mailed check,1,Yes
RVCBF04959,0,0,0,F,79.700,Oui,No,Fibre,79.700,Month-to-month,1,Electronic check,1,Yes
SYWAY27126,0,0,0,F,25.700,Oui,Yes,Non,25.700,Month-to-month,1,Electronic check,1,No
GKXAS98468,0,0,0,F,90.800,Oui,No,Fibre,809.750,Month-to-month,1,Bank transfer (automatic),9,Yes
UEDCX19321,1,1,0,H,100.600,Oui,Yes,Fibre,3270.250,Month-to-month,1,Bank transfer (automatic),33,No
PQTSO35673,1,0,1,H,105.250,Oui,Yes,Fibre,5576.300,One year,1,Electronic check,53,No
ERGHK46855,0,0,0,H,86.900,Oui,Yes,Fibre,4939.250,One year,1,Electronic check,57,No
FTHAV02336,0,0,0,F,79.200,Oui,Yes,Fibre,4765.000,One year,1,Bank transfer (automatic),60,No
YIPFO61664,1,0,0,H,64.700,Non,No phone service,ADSL,4746.050,Two year,1,Electronic check,72,No
FRRSW70646,0,1,0,H,99.000,Oui,Yes,Fibre,4744.350,One year,1,Electronic check,48,No
CYWMH14319,1,0,1,F,19.050,Oui,No,Non,454.050,Month-to-month,0,Bank transfer (automatic),22,No
CEGQI67236,0,0,1,F,45.250,Non,No phone service,ADSL,2933.950,Two year,0,Mailed check,65,No
JANWS93599,1,0,0,F,58.900,Oui,No,ADSL,3857.100,Two year,0,Credit card (automatic),65,No
GHPPI85624,0,0,0,F,19.800,Oui,No,Non,19.800,Month-to-month,0,Credit card (automatic),1,No
QCWAM10135,1,1,0,F,100.800,Oui,Yes,Fibre,6690.750,Month-to-month,1,Electronic check,66,No
MKDTV40437,1,0,0,H,105.250,Oui,No,Fibre,7291.750,Two year,1,Electronic check,71,No
ILJTT32115,1,0,0,H,70.400,Oui,No,Fibre,1214.050,Month-to-month,1,Bank transfer (automatic),17,Yes
UFFGW42085,0,1,0,H,44.950,Oui,No,ADSL,85.150,Month-to-month,0,Mailed check,2,Yes
BOHSY18104,1,0,0,H,96.400,Oui,Yes,Fibre,4911.050,One year,1,Credit card (automatic),51,No
NNCBF10472,0,0,0,H,70.550,Oui,No,Fibre,1493.550,Month-to-month,0,Credit card (automatic),20,No
AZYHT59455,1,0,0,H,109.600,Oui,Yes,Fibre,7854.150,One year,1,Electronic check,71,No
VXMWZ26594,1,0,1,H,111.300,Oui,Yes,Fibre,7482.100,One year,1,Electronic check,67,Yes
NEMQO55649,0,1,0,F,75.300,Oui,No,Fibre,75.300,Month-to-month,1,Bank transfer (automatic),1,Yes
VVZKA43016,1,0,0,H,75.400,Oui,Yes,Fibre,1189.400,Month-to-month,1,Electronic check,16,No
ZNKJI92205,1,1,0,F,88.800,Oui,No,Fibre,4805.300,Two year,0,Credit card (automatic),55,No
EDMIQ44312,1,0,1,F,75.700,Oui,No,ADSL,554.050,Month-to-month,1,Electronic check,7,No
HZZLJ81003,0,0,1,F,63.950,Oui,No,ADSL,2737.050,Month-to-month,1,Electronic check,43,No
QLCSU43518,0,0,0,F,55.000,Oui,No,ADSL,55.000,Month-to-month,1,Credit card (automatic),1,Yes
GBTCD48153,1,0,0,F,25.150,Non,No phone service,ADSL,99.950,Month-to-month,1,Electronic check,4,No
GRQJV51351,1,1,0,H,114.500,Oui,Yes,Fibre,8331.950,Two year,1,Mailed check,72,No
ANHHJ81338,0,1,0,F,103.000,Oui,Yes,Fibre,5166.200,One year,0,Bank transfer (automatic),49,No
NLNRY39277,1,0,0,H,94.250,Oui,No,Fibre,4867.950,One year,1,Bank transfer (automatic),53,Yes
ANLQC46116,1,0,0,F,50.050,Non,No phone service,ADSL,2911.500,One year,0,Electronic check,60,No
XTECC12659,1,1,0,F,96.550,Oui,Yes,Fibre,6581.900,One year,1,Credit card (automatic),68,Yes
KNMRR32599,0,1,0,H,79.750,Oui,Yes,ADSL,4438.200,Two year,1,Bank transfer (automatic),57,No
UTODQ54451,1,0,0,F,81.100,Oui,No,Fibre,576.650,Month-to-month,1,Electronic check,7,Yes
WGHQO29696,1,0,1,F,69.450,Oui,No,ADSL,477.050,One year,0,Electronic check,7,No
WBWXF25609,0,0,0,H,24.150,Oui,Yes,Non,1498.850,Two year,1,Bank transfer (automatic),68,No
OYAMU68496,1,0,1,H,100.000,Oui,No,Fibre,1888.650,One year,0,Bank transfer (automatic),19,Yes
YJLQT34206,0,0,0,F,79.550,Oui,Yes,Fibre,151.750,Month-to-month,0,Electronic check,2,No
CLZKZ02669,1,0,1,F,105.650,Oui,Yes,Fibre,6717.900,Two year,1,Bank transfer (automatic),67,No
WPYOW51961,1,0,1,H,60.050,Oui,No,ADSL,3994.050,One year,0,Mailed check,67,No
BENEA96099,1,0,0,H,69.000,Oui,Yes,ADSL,2441.700,One year,1,Electronic check,35,No
GSRCL64653,0,0,1,F,106.600,Oui,Yes,Fibre,7244.700,One year,1,Bank transfer (automatic),67,No
PKUYW73216,0,0,0,F,90.150,Oui,Yes,Fibre,987.950,Month-to-month,0,Electronic check,11,Yes
FWGEW76221,1,1,0,H,85.650,Oui,No,ADSL,4824.450,Two year,1,Bank transfer (automatic),56,No
VRSAB51335,0,0,0,H,29.350,Non,No phone service,ADSL,216.450,Month-to-month,0,Mailed check,8,No
KCPZJ48839,1,0,1,F,25.250,Oui,Yes,Non,555.400,Two year,0,Credit card (automatic),22,No
XZWWO50034,1,0,0,H,84.200,Oui,Yes,ADSL,5956.850,Two year,0,Credit card (automatic),71,No
LQOBK87416,1,0,1,F,35.050,Non,No phone service,ADSL,1620.250,Month-to-month,0,Bank transfer (automatic),46,No
OTUBZ64081,0,0,0,F,104.550,Oui,Yes,Fibre,6779.050,One year,1,Bank transfer (automatic),66,No
CVEUC70116,1,0,0,H,95.700,Oui,No,Fibre,2338.350,Month-to-month,1,Credit card (automatic),25,No
YLNYW19075,0,0,0,H,66.700,Oui,No,ADSL,579.000,Month-to-month,1,Electronic check,8,No
IWCAZ95759,1,0,0,H,25.100,Oui,Yes,Non,171.000,One year,0,Mailed check,6,No
FKFSY26371,1,0,0,F,46.100,Oui,No,ADSL,130.150,Month-to-month,1,Mailed check,3,No
MVDOZ13578,1,0,1,H,59.650,Oui,No,ADSL,683.250,Month-to-month,1,Bank transfer (automatic),11,No
FRVEB13796,0,0,1,H,91.000,Oui,Yes,Fibre,1430.050,Month-to-month,1,Electronic check,15,No
SZPQA06342,0,0,0,F,90.050,Oui,Yes,Fibre,2169.800,Month-to-month,1,Bank transfer (automatic),23,Yes
EKVXR92145,0,0,0,F,44.000,Oui,No,ADSL,44.000,Month-to-month,1,Mailed check,1,No
PEJLL69673,1,0,1,H,40.200,Non,No phone service,ADSL,1525.350,One year,1,Electronic check,37,No
COLHT54579,1,0,1,H,80.650,Oui,No,ADSL,5542.550,Two year,0,Bank transfer (automatic),69,No
PAFNE87664,1,0,0,H,79.100,Oui,No,ADSL,5564.850,Two year,1,Credit card (automatic),71,No
ZSKRV55908,1,0,1,F,54.650,Oui,No,ADSL,482.250,Month-to-month,0,Mailed check,8,No
OZNPG65052,0,0,0,F,63.400,Non,No phone service,ADSL,348.800,Two year,1,Mailed check,6,No
DMBFJ56419,1,0,0,F,84.300,Oui,Yes,ADSL,4916.400,Two year,1,Electronic check,58,No
BPFRI98311,1,0,1,F,89.550,Oui,Yes,Fibre,3474.450,One year,1,Electronic check,39,Yes
VCZHZ23228,1,1,0,H,90.000,Oui,No,Fibre,2024.100,Month-to-month,1,Electronic check,23,No
VUUMT17642,0,0,1,H,19.950,Oui,No,Non,1269.100,Two year,0,Credit card (automatic),66,No
HNFED64186,1,0,0,H,83.250,Oui,No,ADSL,4089.450,Two year,1,Credit card (automatic),51,No
UKHMV64372,0,0,0,F,79.700,Oui,No,Fibre,586.050,Month-to-month,1,Electronic check,7,Yes
ILHFG12724,1,0,1,H,19.650,Oui,No,Non,332.650,One year,0,Mailed check,15,No
NFNLQ15916,0,0,0,H,80.000,Oui,Yes,Fibre,4242.350,Month-to-month,0,Credit card (automatic),51,Yes
KMNRQ72346,0,0,0,H,19.000,Oui,No,Non,73.450,Month-to-month,0,Mailed check,4,No
QRITU13102,0,0,0,F,50.300,Oui,Yes,ADSL,913.300,Month-to-month,1,Electronic check,18,No
EYZUO81788,0,0,0,H,93.700,Oui,Yes,Fibre,4154.800,Month-to-month,1,Electronic check,46,Yes
MMYXY14005,1,1,0,H,105.900,Oui,Yes,Fibre,334.650,Month-to-month,1,Electronic check,3,Yes
ZMKSM99536,0,0,0,H,25.250,Oui,Yes,Non,1559.300,Two year,0,Mailed check,63,No
SXDPN15277,1,0,1,H,96.250,Oui,Yes,Fibre,4990.250,Two year,1,Bank transfer (automatic),52,Yes
MGIAB17036,0,0,0,F,69.000,Oui,Yes,ADSL,1108.000,Month-to-month,1,Mailed check,17,No
MXBJE71566,0,0,0,F,85.100,Oui,Yes,ADSL,3662.250,One year,0,Credit card (automatic),43,No
UTFOZ82322,0,0,0,H,19.950,Oui,No,Non,1399.350,Two year,0,Credit card (automatic),69,No
HOOGQ34864,1,0,1,F,79.700,Oui,Yes,ADSL,5743.300,Two year,0,Bank transfer (automatic),70,No
AYNJP73569,0,0,0,F,23.900,Oui,Yes,Non,97.500,One year,0,Electronic check,4,No
XSHHU66851,1,0,1,H,20.950,Oui,No,Non,1270.550,Two year,1,Bank transfer (automatic),60,No
YRFJT55902,1,0,0,F,24.450,Non,No phone service,ADSL,482.800,Month-to-month,1,Electronic check,20,Yes
SXWBU62655,1,0,1,H,95.750,Oui,Yes,Fibre,6511.250,One year,0,Credit card (automatic),69,No
JPYFF68913,1,0,1,F,105.250,Oui,Yes,Fibre,4997.500,Month-to-month,1,Credit card (automatic),48,No
EXURX77431,1,0,1,H,51.050,Oui,No,ADSL,415.050,Month-to-month,1,Electronic check,8,Yes
IYJOZ61275,0,1,0,H,45.850,Oui,No,ADSL,45.850,Month-to-month,1,Mailed check,1,No
HXMPA25761,0,0,0,F,19.550,Oui,No,Non,19.550,Month-to-month,0,Credit card (automatic),1,No
BECSI80229,0,0,0,H,19.600,Oui,No,Non,422.500,One year,0,Mailed check,22,No
VSSUD07863,0,1,0,H,39.000,Non,No phone service,ADSL,679.850,Month-to-month,1,Mailed check,16,Yes
JPRMC99243,0,0,0,H,118.200,Oui,Yes,Fibre,8547.150,Two year,1,Electronic check,72,No
QDMDW93149,0,0,0,H,61.250,Oui,No,ADSL,729.950,One year,1,Electronic check,11,No
PXDVH53394,0,0,0,H,90.650,Oui,Yes,Fibre,367.950,Month-to-month,0,Electronic check,4,No
CCBLH20176,0,0,0,F,20.000,Oui,No,Non,141.600,Two year,0,Mailed check,8,No
ZSTTY50205,0,1,0,F,82.450,Oui,Yes,ADSL,4350.100,One year,0,Bank transfer (automatic),54,Yes
GBIWP59306,0,0,0,H,81.500,Oui,Yes,ADSL,5553.250,Two year,1,Credit card (automatic),69,No
VCPMC69611,1,1,0,H,80.400,Oui,No,Fibre,3605.200,Month-to-month,1,Electronic check,46,Yes
WWRKD02545,1,0,1,F,50.550,Oui,No,ADSL,3431.750,One year,0,Credit card (automatic),67,No
KWLAR52484,1,0,1,H,90.350,Oui,Yes,ADSL,6325.250,Two year,0,Electronic check,71,No
UHBDD13023,0,1,0,H,89.950,Oui,No,Fibre,1648.450,Month-to-month,0,Electronic check,20,No
VCTQB91581,1,0,0,F,113.600,Oui,Yes,Fibre,4594.950,Month-to-month,1,Bank transfer (automatic),41,Yes
TEFQD72736,0,1,0,H,41.150,Non,No phone service,ADSL,132.200,Month-to-month,1,Electronic check,3,Yes
OTKMY65377,0,0,0,H,50.750,Non,No phone service,ADSL,688.200,One year,0,Electronic check,15,No
QDFNH62981,0,0,0,H,79.350,Oui,Yes,Fibre,1730.350,Month-to-month,1,Electronic check,22,Yes
CCVSQ88541,0,0,0,H,80.650,Oui,Yes,Fibre,1451.900,Month-to-month,1,Electronic check,18,Yes
KZVWO90406,0,0,0,H,75.500,Oui,No,Fibre,2018.100,One year,0,Bank transfer (automatic),26,No
BCOPK03079,0,0,0,F,19.050,Oui,No,Non,326.650,One year,0,Mailed check,16,No
JQRSL32193,1,1,0,F,89.100,Oui,Yes,ADSL,6352.400,Two year,0,Credit card (automatic),72,No
UMACK18395,0,0,0,H,25.050,Oui,Yes,Non,949.850,One year,0,Electronic check,42,No
WUQMG50142,1,0,1,H,96.100,Oui,No,Fibre,4391.450,One year,1,Electronic check,47,No
TXVSG04208,1,0,0,H,66.100,Oui,Yes,ADSL,4428.450,Two year,1,Credit card (automatic),66,No
MPWBS66335,0,0,0,H,49.200,Oui,No,ADSL,216.900,Month-to-month,1,Electronic check,5,Yes
RHRKE86506,0,0,0,H,29.650,Non,No phone service,ADSL,118.500,Month-to-month,1,Electronic check,4,Yes
NDRKU45306,1,0,1,F,19.050,Oui,No,Non,761.850,One year,1,Electronic check,42,No
QOPOY99557,1,0,0,H,60.800,Non,No phone service,ADSL,4263.400,One year,1,Credit card (automatic),69,No
CTHUH36807,0,0,0,H,116.600,Oui,Yes,Fibre,7049.500,One year,1,Credit card (automatic),60,No
VUSRV59615,0,0,0,F,19.350,Oui,No,Non,219.350,One year,1,Bank transfer (automatic),12,No
AGTLK15896,0,0,0,H,45.350,Oui,No,ADSL,141.500,Month-to-month,1,Electronic check,3,Yes
VKGDA70552,0,0,0,H,105.400,Oui,No,Fibre,5643.400,One year,1,Credit card (automatic),54,Yes
BYBTK16414,0,0,1,H,20.200,Oui,No,Non,98.350,Month-to-month,1,Mailed check,6,No
VCZYM59191,0,0,0,H,20.050,Oui,No,Non,42.700,Month-to-month,0,Mailed check,2,No
BQNDX07167,0,1,0,H,93.750,Oui,Yes,Fibre,5625.550,Two year,0,Electronic check,57,No
GPHZP88386,0,0,0,F,20.600,Oui,No,Non,1298.700,Two year,1,Mailed check,63,No
XHAKY52745,1,0,1,F,94.300,Oui,Yes,Fibre,3893.600,Month-to-month,1,Bank transfer (automatic),41,No
KSWIH89294,0,0,0,H,99.300,Oui,No,Fibre,2513.500,Two year,0,Bank transfer (automatic),25,No
HIJSE69162,0,0,0,F,84.850,Oui,No,ADSL,5459.200,Two year,1,Bank transfer (automatic),65,No
BZDEE22285,0,0,0,F,20.100,Oui,No,Non,1079.450,Two year,0,Mailed check,54,No
PJWTK13466,1,0,0,H,94.150,Oui,No,Fibre,5731.850,Month-to-month,0,Credit card (automatic),61,No
BWHIN15614,1,0,1,H,19.800,Oui,No,Non,344.500,One year,0,Mailed check,19,No
DDZPG28822,0,0,0,F,19.450,Oui,No,Non,227.450,Month-to-month,0,Bank transfer (automatic),12,No
BCHKM96483,1,0,1,F,24.650,Oui,Yes,Non,471.350,Two year,1,Credit card (automatic),18,No
QPBVZ19308,1,0,1,H,95.100,Oui,No,Fibre,6683.400,Two year,0,Bank transfer (automatic),68,No
RULOA52999,1,0,1,F,100.250,Oui,Yes,Fibre,1064.650,Month-to-month,1,Electronic check,10,Yes
ERCMM16262,1,1,0,H,94.550,Oui,Yes,Fibre,1899.650,Month-to-month,1,Electronic check,20,Yes
ENHXU80191,1,0,0,H,99.450,Oui,Yes,Fibre,4138.050,Month-to-month,1,Electronic check,42,Yes
CFOCW77952,0,0,0,H,42.300,Non,No phone service,ADSL,1840.750,One year,0,Bank transfer (automatic),45,No
QVPMS09067,1,0,0,H,115.150,Oui,Yes,Fibre,8349.450,Two year,0,Bank transfer (automatic),72,No
CEVPF41184,0,1,0,F,110.800,Oui,Yes,Fibre,3836.300,One year,1,Bank transfer (automatic),35,No
XQIVE59689,1,0,1,H,89.700,Oui,Yes,Fibre,6588.950,One year,1,Electronic check,72,No
CDSKC93056,0,0,0,F,99.650,Oui,Yes,Fibre,820.500,Month-to-month,1,Electronic check,8,Yes
SYVOR35218,0,0,0,F,64.750,Oui,No,ADSL,2345.200,Month-to-month,1,Electronic check,37,Yes
TGWDZ51497,0,0,0,F,104.550,Oui,No,Fibre,2239.400,One year,1,Mailed check,21,No
BCFEO12653,1,0,0,F,80.450,Oui,Yes,ADSL,5662.250,Two year,1,Bank transfer (automatic),71,No
UDNLD68737,0,0,0,H,67.450,Oui,No,ADSL,2731.000,Month-to-month,0,Electronic check,40,No
BQIBA71438,0,0,0,H,62.250,Oui,No,ADSL,612.950,Month-to-month,0,Bank transfer (automatic),10,No
ZJJTM45262,1,1,0,F,88.400,Oui,No,Fibre,2191.150,Month-to-month,0,Bank transfer (automatic),25,No
ASEJU75766,1,0,1,F,74.700,Oui,No,ADSL,3187.650,One year,1,Credit card (automatic),41,No
MFJLN91907,0,1,0,H,95.900,Oui,No,Fibre,1777.900,Month-to-month,1,Credit card (automatic),19,Yes
MBHPK62426,1,1,0,F,95.100,Oui,No,Fibre,2326.050,Month-to-month,1,Electronic check,23,No
WIVLL14006,1,0,0,H,107.950,Oui,Yes,Fibre,5969.850,Two year,0,Electronic check,57,No
HHPFY34891,1,0,0,F,84.050,Oui,Yes,Fibre,134.050,Month-to-month,1,Electronic check,2,No
QJAVJ75605,0,0,0,F,79.600,Oui,No,ADSL,5589.450,Two year,0,Bank transfer (automatic),70,No
WPXTK37228,0,0,0,H,88.350,Oui,No,Fibre,88.350,Month-to-month,1,Electronic check,1,Yes
RDGGM07488,1,0,0,H,109.500,Oui,No,Fibre,7534.650,One year,1,Bank transfer (automatic),70,Yes
IEKQT51301,0,1,0,H,105.950,Oui,Yes,Fibre,2655.250,Month-to-month,0,Mailed check,25,Yes
RESHN43918,0,0,0,H,104.050,Oui,Yes,Fibre,2470.100,Month-to-month,1,Mailed check,23,Yes
RCJOW79416,0,0,0,H,19.550,Oui,No,Non,1218.650,Two year,1,Credit card (automatic),65,No
CAZHT17606,0,0,1,H,20.800,Oui,No,Non,460.200,Month-to-month,0,Mailed check,25,No
LVQUS27741,1,1,0,F,83.050,Oui,Yes,Fibre,1258.300,Month-to-month,1,Electronic check,15,Yes
AQBMT61287,1,1,0,H,53.950,Non,No phone service,ADSL,2215.400,Month-to-month,1,Electronic check,41,No
EYYZV06742,0,0,0,F,54.650,Oui,No,ADSL,54.650,Month-to-month,1,Electronic check,1,No
CZBAU16612,0,0,0,H,70.950,Oui,Yes,ADSL,3629.200,One year,1,Bank transfer (automatic),48,No
EBSQK59492,1,0,1,H,61.450,Oui,No,ADSL,229.550,Month-to-month,0,Credit card (automatic),4,Yes
JGCZW85734,0,0,0,H,19.650,Oui,No,Non,351.550,One year,1,Bank transfer (automatic),17,No
HBGWL66616,0,1,0,F,104.750,Oui,Yes,Fibre,4323.450,Month-to-month,1,Bank transfer (automatic),42,Yes
AWGEH79899,1,0,1,H,39.200,Non,No phone service,ADSL,1838.150,Month-to-month,1,Electronic check,49,No
MQYKT47031,0,0,0,H,19.600,Oui,No,Non,390.400,Two year,0,Mailed check,21,No
YCOBK69938,1,0,1,H,110.600,Oui,Yes,Fibre,6586.850,Two year,1,Electronic check,60,No
KZCKT53568,0,0,0,H,24.450,Oui,Yes,Non,1513.600,Two year,1,Credit card (automatic),58,No
EOGYE51243,0,0,0,H,20.450,Oui,No,Non,638.550,Two year,0,Mailed check,31,No
BFSPD44551,1,0,0,F,101.150,Oui,Yes,Fibre,6383.900,One year,0,Bank transfer (automatic),61,No
JWZJN44231,1,0,1,H,90.250,Oui,Yes,Fibre,5629.150,One year,0,Credit card (automatic),64,No
NLUBA48917,1,0,1,F,61.450,Non,No phone service,ADSL,3751.150,Two year,1,Bank transfer (automatic),61,No
MNQTF32007,1,0,0,H,70.900,Oui,Yes,ADSL,4677.100,Two year,0,Credit card (automatic),67,No
XXCZD10738,1,0,0,H,25.700,Oui,Yes,Non,1443.650,Two year,0,Bank transfer (automatic),55,No
BVQGL35566,1,0,0,F,20.000,Oui,No,Non,416.450,One year,1,Mailed check,20,No
YJTTB64164,0,0,0,H,79.500,Oui,No,Fibre,795.650,Month-to-month,1,Bank transfer (automatic),11,No
IUDMW00171,1,0,1,F,116.800,Oui,Yes,Fibre,8456.750,Two year,1,Credit card (automatic),72,No
FVVDH92979,1,0,1,F,84.500,Oui,Yes,ADSL,4845.400,Two year,1,Electronic check,57,No
IHQAC12823,0,1,0,H,44.050,Non,No phone service,ADSL,3011.650,One year,1,Credit card (automatic),70,No
UAFEH19366,0,0,0,F,110.250,Oui,Yes,Fibre,7279.350,Two year,0,Credit card (automatic),68,No
ZYGSZ86272,1,0,0,H,78.900,Oui,Yes,Fibre,3650.350,One year,1,Electronic check,47,No
RRWQZ74594,0,0,0,F,64.650,Oui,Yes,ADSL,994.550,Month-to-month,1,Bank transfer (automatic),15,Yes
LDWAM10858,1,0,1,F,20.350,Oui,No,Non,1442.650,One year,1,Credit card (automatic),69,No
TKRVZ36565,0,0,0,F,55.350,Oui,No,ADSL,165.200,Month-to-month,0,Electronic check,3,Yes
XOHVN47608,1,0,1,F,19.450,Oui,No,Non,19.450,Month-to-month,0,Mailed check,1,Yes
YNKIJ46224,0,0,0,H,88.950,Oui,No,Fibre,3027.650,Two year,1,Electronic check,33,No
VIYBP11724,1,0,1,H,69.700,Oui,Yes,ADSL,3686.050,Two year,0,Bank transfer (automatic),53,No
GDNGC67293,0,1,0,F,80.700,Oui,No,Fibre,1614.200,Month-to-month,0,Bank transfer (automatic),20,No
QCMMS94975,0,1,0,H,93.550,Oui,Yes,Fibre,93.550,Month-to-month,1,Electronic check,1,Yes
PMCOY35874,0,0,0,H,98.900,Oui,No,Fibre,1064.950,One year,1,Electronic check,10,No
SUDUA30432,0,0,0,F,19.900,Oui,No,Non,601.550,Month-to-month,0,Bank transfer (automatic),32,No
TBKJX79016,0,1,0,H,101.050,Oui,Yes,Fibre,5594.000,Month-to-month,1,Electronic check,56,No
CPPQH08254,1,0,0,F,19.100,Oui,No,Non,1372.450,Two year,0,Credit card (automatic),71,No
YPMUR23989,1,1,0,F,70.150,Oui,No,Fibre,916.750,Month-to-month,1,Electronic check,13,Yes
PYCSW80066,0,0,0,F,20.100,Oui,No,Non,39.800,Month-to-month,0,Mailed check,2,No
LYGAM38537,0,0,0,H,95.650,Oui,Yes,Fibre,1640.000,Month-to-month,1,Bank transfer (automatic),17,No
SDRDQ54931,0,0,0,H,55.100,Oui,No,ADSL,113.350,Month-to-month,1,Mailed check,2,Yes
HQMKX13354,1,0,0,F,101.350,Oui,Yes,Fibre,7323.150,One year,1,Electronic check,72,No
ENYMO28123,0,0,0,H,54.550,Non,No phone service,ADSL,1362.850,One year,0,Credit card (automatic),26,No
ONFPC05688,1,0,1,H,25.900,Oui,Yes,Non,135.000,Month-to-month,1,Bank transfer (automatic),5,Yes
YEBUP60236,0,0,0,H,100.950,Oui,Yes,Fibre,329.950,Month-to-month,1,Electronic check,3,Yes
BOCOU61037,0,0,0,F,80.700,Oui,Yes,Fibre,2193.000,Month-to-month,1,Electronic check,26,No
VKIRT25811,1,0,1,F,65.500,Oui,Yes,ADSL,3801.300,One year,0,Mailed check,59,No
HYOJD43531,1,0,1,F,49.850,Oui,No,ADSL,1336.150,Month-to-month,0,Mailed check,27,No
SNKMY48559,0,0,0,F,44.100,Oui,No,ADSL,44.100,Month-to-month,1,Electronic check,1,Yes
WWKKG59958,0,0,0,F,19.800,Oui,No,Non,695.050,One year,1,Electronic check,37,No
KRKMD35837,0,0,0,H,75.900,Oui,No,Fibre,1373.050,Month-to-month,1,Bank transfer (automatic),18,No
AVIPD58285,1,0,1,H,100.950,Oui,Yes,Fibre,1875.550,One year,1,Electronic check,19,Yes
UEUAB83116,1,0,1,F,75.500,Oui,Yes,ADSL,5229.450,Two year,1,Electronic check,67,No
LEDAG89101,1,1,0,H,71.550,Oui,No,Fibre,2427.350,Month-to-month,0,Credit card (automatic),34,No
SUPCW76399,0,0,0,F,48.800,Oui,No,ADSL,1054.600,Month-to-month,1,Credit card (automatic),22,Yes
EBAIU07506,0,0,0,H,91.250,Oui,No,Fibre,4738.300,One year,0,Electronic check,52,No
NLNPD92001,1,0,0,H,54.050,Non,No phone service,ADSL,2959.800,One year,1,Bank transfer (automatic),56,No
BYGOY16588,0,1,0,H,95.450,Oui,Yes,Fibre,1752.550,Month-to-month,1,Electronic check,18,Yes
EHYUI49133,1,1,1,H,104.550,Oui,Yes,Fibre,5794.650,One year,1,Bank transfer (automatic),56,Yes
VBFQL82668,0,0,0,H,90.400,Oui,No,Fibre,356.650,Month-to-month,1,Electronic check,4,No
RCALF12292,1,0,0,F,115.000,Oui,Yes,Fibre,7396.150,One year,1,Electronic check,64,No
LZUKA67543,1,0,0,H,80.900,Oui,Yes,ADSL,4932.500,Two year,0,Bank transfer (automatic),61,No
CYUIL70056,1,1,0,F,99.400,Oui,No,Fibre,7168.250,Two year,1,Electronic check,71,No
CAMGB89794,0,1,0,H,102.100,Oui,Yes,Fibre,6688.100,One year,0,Electronic check,64,No
BGTSP12163,0,0,0,H,108.450,Oui,Yes,Fibre,4964.700,Month-to-month,1,Credit card (automatic),45,No
RQABD92291,0,0,0,H,23.750,Oui,Yes,Non,424.500,One year,0,Mailed check,18,No
OVPRY37275,1,0,1,H,25.700,Oui,Yes,Non,1714.550,One year,1,Credit card (automatic),66,No
NLXJB38917,0,0,0,H,40.550,Non,No phone service,ADSL,1390.850,Two year,1,Mailed check,37,No
VYBVI82196,0,0,1,H,25.000,Oui,Yes,Non,1004.350,Two year,0,Mailed check,39,No
YCXMX48225,0,0,0,H,84.800,Oui,Yes,Fibre,2043.450,Month-to-month,1,Electronic check,25,Yes
IKYCP04289,1,0,0,H,87.000,Oui,No,Fibre,1850.650,Month-to-month,1,Bank transfer (automatic),22,No
JTQHR31468,1,0,0,H,19.600,Oui,No,Non,189.450,One year,0,Bank transfer (automatic),10,No
TKCVO78134,1,0,0,F,20.350,Oui,No,Non,393.150,One year,0,Mailed check,20,No
LNTLJ14656,1,1,0,H,64.400,Oui,No,ADSL,581.700,Month-to-month,1,Credit card (automatic),8,No
WQMGH31268,1,0,0,F,52.150,Oui,Yes,ADSL,2583.750,Month-to-month,1,Credit card (automatic),49,No
MBMTS87774,1,1,0,F,105.850,Oui,No,Fibre,6725.500,Two year,1,Credit card (automatic),65,No
DGAHW47066,0,1,0,H,45.200,Oui,No,ADSL,45.200,Month-to-month,0,Electronic check,1,No
BOYKM20574,1,1,0,F,96.600,Oui,Yes,Fibre,6827.500,Two year,1,Bank transfer (automatic),72,No
DSRLQ75662,1,0,0,F,110.150,Oui,Yes,Fibre,7998.800,Two year,1,Electronic check,72,No
WZAFP54471,0,0,0,F,100.300,Oui,No,Fibre,5200.800,One year,1,Mailed check,53,No
ZLNBX12282,0,0,0,H,75.300,Oui,Yes,Fibre,1570.700,Month-to-month,0,Mailed check,21,No
FELAJ98449,1,1,1,F,107.900,Oui,Yes,Fibre,7475.850,One year,1,Electronic check,70,No
KCKGI51363,1,0,1,F,103.700,Oui,Yes,Fibre,3467.000,One year,1,Mailed check,33,Yes
UYPFK68254,0,0,0,F,75.600,Oui,Yes,Fibre,1758.600,Month-to-month,0,Bank transfer (automatic),23,Yes
LSAMB17166,1,0,1,H,54.650,Oui,No,ADSL,2553.700,Two year,0,Bank transfer (automatic),45,No
OTEZX80085,1,0,1,F,19.650,Oui,No,Non,708.800,One year,0,Mailed check,35,No
PSYCG44886,0,0,0,H,20.250,Oui,No,Non,327.450,Month-to-month,0,Bank transfer (automatic),16,Yes
EIBDE58555,1,0,0,F,106.650,Oui,Yes,Fibre,5174.350,Two year,0,Credit card (automatic),49,No
OHGKG46674,0,0,0,H,19.300,Oui,No,Non,19.300,Month-to-month,1,Mailed check,1,Yes
SELIE09091,1,0,0,H,80.800,Oui,Yes,ADSL,4860.850,Two year,1,Bank transfer (automatic),61,No
ETZKQ83953,1,1,1,H,19.500,Oui,No,Non,1193.550,One year,0,Bank transfer (automatic),68,No
BLLEU24652,0,0,0,H,19.750,Oui,No,Non,19.750,Month-to-month,1,Mailed check,1,No
CHOPY51102,0,0,0,F,53.600,Non,No phone service,ADSL,3237.050,Two year,0,Electronic check,60,No
FVYWK30884,1,0,1,H,25.550,Oui,Yes,Non,1336.100,Two year,0,Credit card (automatic),53,No
COQEK23572,0,1,0,F,103.300,Oui,Yes,Fibre,2890.650,Month-to-month,1,Electronic check,28,Yes
GWHML75381,0,0,0,F,69.650,Oui,No,Fibre,145.150,Month-to-month,0,Electronic check,2,Yes
WGJVW96052,0,1,0,F,70.200,Oui,No,Fibre,70.200,Month-to-month,1,Electronic check,1,No
LYTDD45475,0,0,0,F,72.650,Oui,Yes,Fibre,1194.300,Month-to-month,0,Electronic check,16,Yes
WJTKO04643,1,0,1,F,20.100,Oui,No,Non,1460.850,Two year,0,Bank transfer (automatic),72,No
TKOSI03145,0,0,0,F,55.150,Oui,No,ADSL,322.900,Month-to-month,0,Mailed check,6,No
PONJI51311,1,0,1,H,90.400,Oui,No,Fibre,4494.650,Month-to-month,1,Credit card (automatic),49,No
MQRQN82801,0,0,0,F,50.450,Oui,No,ADSL,50.450,Month-to-month,1,Mailed check,1,Yes
FPIMA22675,1,0,0,H,94.400,Oui,Yes,Fibre,4914.900,Month-to-month,1,Credit card (automatic),50,No
NVSJS02821,1,1,1,F,29.300,Non,No phone service,ADSL,355.900,Month-to-month,1,Mailed check,12,No
FFVKB53897,1,1,0,H,80.300,Oui,No,Fibre,2483.050,Month-to-month,1,Credit card (automatic),32,Yes
QNLUX96259,1,0,1,H,103.250,Oui,No,Fibre,7074.400,Two year,1,Credit card (automatic),68,No
GUXND40139,0,0,0,H,20.800,Oui,No,Non,20.800,Month-to-month,0,Mailed check,1,No
FJWNO23618,0,0,0,H,36.000,Non,No phone service,ADSL,1382.900,One year,0,Credit card (automatic),40,No
GGUKR54043,0,0,0,H,51.350,Oui,No,ADSL,262.300,Month-to-month,1,Electronic check,5,No
ZCPQX90654,1,0,0,H,78.850,Oui,Yes,ADSL,5763.150,Two year,0,Bank transfer (automatic),72,No
GLBUC55974,0,0,0,F,85.450,Oui,No,Fibre,85.450,Month-to-month,1,Electronic check,1,Yes
ZBYNA88193,1,0,0,F,109.100,Oui,Yes,Fibre,6393.650,Two year,1,Credit card (automatic),58,No
ALZWV11315,0,0,0,F,24.600,Oui,Yes,Non,605.250,One year,0,Bank transfer (automatic),24,No
EXCHZ00139,1,1,0,F,83.900,Oui,No,Fibre,267.400,Month-to-month,1,Mailed check,3,Yes
CQPWQ09625,1,0,1,F,20.300,Oui,No,Non,1296.150,Two year,0,Bank transfer (automatic),62,No
FZTFM70302,1,0,1,H,110.900,Oui,Yes,Fibre,7922.750,Two year,0,Credit card (automatic),72,No
CSIHK39238,1,1,0,F,71.050,Oui,No,Fibre,3444.850,Month-to-month,1,Electronic check,50,Yes
OUIGR98009,1,0,1,H,20.000,Oui,No,Non,1374.200,Two year,0,Credit card (automatic),66,No
TCMYC60809,1,0,1,H,81.200,Oui,Yes,Fibre,3292.300,Month-to-month,1,Electronic check,40,No
WKOLD06354,1,0,0,H,70.750,Oui,Yes,ADSL,2921.750,One year,0,Credit card (automatic),40,No
CEIQJ56967,1,0,1,H,103.150,Oui,No,Fibre,6895.500,Two year,0,Bank transfer (automatic),67,No
ORQXB48403,0,1,0,F,104.750,Oui,Yes,Fibre,5841.350,Month-to-month,0,Electronic check,56,No
AKBYH88754,0,1,0,H,84.350,Oui,Yes,Fibre,1745.200,Month-to-month,1,Electronic check,20,No
WMVMT73751,1,1,0,H,95.500,Oui,No,Fibre,6707.150,Two year,1,Credit card (automatic),71,No
ONYEY11636,1,0,1,H,74.550,Oui,Yes,ADSL,3023.550,Month-to-month,1,Credit card (automatic),41,No
WFGVS18148,1,0,1,H,48.900,Non,No phone service,ADSL,3527.000,Two year,0,Mailed check,72,No
BOZWO13372,1,0,1,H,46.400,Non,No phone service,ADSL,812.400,One year,0,Credit card (automatic),18,No
YFUYI94701,1,1,0,H,71.000,Oui,No,ADSL,5012.100,One year,1,Bank transfer (automatic),71,No
AFWOX63741,1,0,0,H,65.650,Oui,No,ADSL,3047.150,Two year,0,Mailed check,46,No
ITQXP31906,1,0,1,F,20.250,Oui,No,Non,890.350,Two year,0,Bank transfer (automatic),46,No
MELTI61954,0,0,0,H,54.650,Oui,No,ADSL,3134.700,One year,1,Mailed check,57,No
DSAAL22002,0,0,0,F,80.650,Oui,Yes,ADSL,5330.200,Two year,1,Electronic check,68,No
RBWEA75376,0,0,0,F,25.150,Non,No phone service,ADSL,25.150,Month-to-month,1,Mailed check,1,No
GRUYI10877,1,0,0,H,20.400,Oui,No,Non,743.500,Two year,0,Bank transfer (automatic),38,No
FEGVJ90295,1,1,0,F,79.300,Oui,Yes,Fibre,2570.000,Month-to-month,0,Mailed check,32,No
OZDMQ95889,1,0,0,F,45.000,Oui,No,ADSL,89.750,Month-to-month,1,Electronic check,2,No
LSVYH92721,0,0,0,H,70.150,Oui,No,Fibre,735.500,Month-to-month,0,Mailed check,10,No
MRQOY39104,1,0,0,F,19.400,Oui,No,Non,1496.450,Two year,0,Bank transfer (automatic),72,No
ULAOA46169,1,0,1,F,110.800,Oui,Yes,Fibre,7245.900,Two year,1,Credit card (automatic),65,No
FCGYG56284,0,0,0,H,84.100,Oui,Yes,Fibre,1737.450,Month-to-month,1,Electronic check,21,No
XISKS19457,1,0,0,F,19.650,Oui,No,Non,1335.200,Two year,0,Mailed check,67,No
FCVCB41233,0,0,0,F,75.850,Oui,Yes,ADSL,854.450,One year,1,Mailed check,12,No
ZFPPI64021,0,1,0,F,102.800,Oui,Yes,Fibre,2660.200,Month-to-month,1,Mailed check,25,Yes
TUZHR12006,0,1,0,F,85.200,Oui,Yes,Fibre,695.750,Month-to-month,0,Electronic check,8,No
EYGLW76176,0,0,0,H,19.450,Oui,No,Non,19.450,Month-to-month,0,Electronic check,1,No
ETKAP42932,1,0,1,F,79.400,Oui,Yes,ADSL,5071.900,Two year,1,Bank transfer (automatic),65,No
UGXNC75802,0,1,0,F,54.850,Oui,No,ADSL,104.200,Month-to-month,0,Mailed check,2,Yes
NTMDP75994,1,0,1,F,48.700,Non,No phone service,ADSL,3008.550,Two year,0,Bank transfer (automatic),62,No
ZBZWJ03623,0,0,0,H,84.900,Oui,Yes,Fibre,3067.200,Month-to-month,1,Electronic check,36,Yes
XHTWJ71909,0,0,0,F,19.300,Oui,No,Non,755.500,One year,0,Mailed check,38,No
VPYJB39503,1,0,1,H,59.600,Oui,No,ADSL,3509.400,One year,0,Mailed check,57,No
WIWYV85129,0,0,0,H,20.350,Oui,No,Non,707.500,One year,0,Credit card (automatic),32,No
LKFPK87822,0,0,0,H,90.400,Oui,Yes,Fibre,4063.000,Month-to-month,1,Mailed check,44,No
KRREG12516,0,0,0,H,54.400,Oui,Yes,ADSL,114.100,Month-to-month,1,Mailed check,2,Yes
BKAXE43615,0,0,0,F,114.500,Oui,Yes,Fibre,4527.450,Month-to-month,1,Bank transfer (automatic),41,Yes
MAVJG43739,1,0,1,F,90.900,Oui,Yes,Fibre,1259.000,Month-to-month,1,Bank transfer (automatic),14,Yes
GWURO50181,1,0,0,F,85.600,Oui,Yes,Fibre,4902.800,Month-to-month,1,Bank transfer (automatic),56,No
HJWNV89725,1,1,0,F,84.550,Oui,Yes,Fibre,646.850,Month-to-month,1,Electronic check,7,Yes
DZNKK77061,0,0,0,H,20.450,Oui,No,Non,237.300,Month-to-month,1,Credit card (automatic),11,No
LZRQT50397,0,0,0,F,20.200,Oui,No,Non,273.250,One year,0,Mailed check,13,No
LJCNJ53603,1,0,0,F,105.150,Oui,Yes,Fibre,7555.000,Two year,1,Bank transfer (automatic),71,No
GDZKO90921,0,0,0,H,24.850,Oui,Yes,Non,493.400,Month-to-month,1,Credit card (automatic),22,No
WHOKV09596,0,0,0,H,99.000,Oui,Yes,Fibre,4298.450,One year,1,Electronic check,42,No
TSZVC53127,0,0,1,F,19.650,Oui,No,Non,270.600,One year,0,Mailed check,15,No
DHQJF10636,1,0,1,H,92.150,Oui,No,Fibre,6480.900,Two year,1,Mailed check,69,No
TSSAU59349,1,0,1,F,75.300,Oui,No,Fibre,1702.900,Month-to-month,1,Credit card (automatic),23,No
EJAUI84963,0,0,0,H,73.850,Oui,No,Fibre,1424.500,Month-to-month,1,Credit card (automatic),19,Yes
RDDQL51352,1,0,1,F,50.650,Oui,No,ADSL,3221.250,Two year,1,Bank transfer (automatic),63,No
YLYLP22566,1,0,1,H,72.950,Oui,No,ADSL,4953.250,Two year,1,Bank transfer (automatic),68,No
QUUOB03185,1,0,0,H,80.550,Oui,No,Fibre,80.550,Month-to-month,1,Electronic check,1,Yes
SUURX50879,1,0,0,F,39.050,Non,No phone service,ADSL,669.850,Month-to-month,1,Electronic check,18,Yes
IGABW01149,1,0,0,F,58.250,Non,No phone service,ADSL,4145.900,Two year,0,Bank transfer (automatic),71,No
OKNNK50031,1,0,1,F,20.350,Oui,No,Non,335.950,One year,0,Credit card (automatic),15,No
URDKA56473,1,0,1,H,19.700,Oui,No,Non,130.250,Two year,0,Mailed check,8,No
JBNMK99611,0,1,0,H,96.800,Oui,No,Fibre,2030.300,Month-to-month,1,Bank transfer (automatic),21,Yes
BJQQA34629,0,0,0,F,89.750,Oui,Yes,Fibre,552.650,Month-to-month,1,Electronic check,6,No
BZGNT93098,1,1,0,H,29.800,Non,No phone service,ADSL,2134.300,One year,1,Credit card (automatic),69,No
VFFOC12093,1,0,1,H,56.400,Non,No phone service,ADSL,3948.450,Two year,1,Mailed check,68,No
LEEVE78148,1,0,0,F,20.300,Oui,No,Non,20.300,Month-to-month,1,Bank transfer (automatic),1,No
TVXVG46362,1,0,1,H,19.950,Oui,No,Non,1244.800,One year,0,Bank transfer (automatic),62,No
VGMQP40006,1,0,1,H,78.950,Oui,Yes,ADSL,2862.550,One year,0,Credit card (automatic),38,No
QAYZF29525,0,0,0,H,85.300,Oui,Yes,Fibre,424.150,Month-to-month,1,Electronic check,5,Yes
WSELE55676,1,1,0,H,94.600,Oui,Yes,Fibre,279.550,Month-to-month,1,Electronic check,3,Yes
QEQSY96594,0,0,0,F,115.650,Oui,Yes,Fibre,5125.500,Month-to-month,1,Electronic check,45,No
BQSSA56249,0,0,0,F,20.950,Oui,No,Non,20.950,Month-to-month,0,Mailed check,1,Yes
OZKXZ70207,0,1,0,F,75.500,Oui,No,Fibre,637.400,Month-to-month,0,Credit card (automatic),9,No
XNYDO05991,1,0,0,F,69.800,Oui,No,Fibre,1540.350,Month-to-month,1,Bank transfer (automatic),20,No
XQSJT69873,0,1,0,F,79.500,Oui,Yes,Fibre,4370.250,Month-to-month,1,Electronic check,54,Yes
GPSRW54954,0,0,0,H,19.700,Oui,No,Non,419.400,Two year,1,Mailed check,20,No
SZVGP65831,0,0,0,H,108.100,Oui,Yes,Fibre,5067.450,Two year,1,Bank transfer (automatic),48,No
OPDCK89047,1,1,0,H,24.950,Non,No phone service,ADSL,1364.750,Month-to-month,1,Bank transfer (automatic),54,No
IPDFW02486,0,0,0,F,50.100,Oui,Yes,ADSL,50.100,Month-to-month,1,Electronic check,1,No
VPOAD14788,0,0,0,F,43.800,Oui,No,ADSL,43.800,Month-to-month,0,Electronic check,1,No
WFVZV76012,0,0,0,H,19.550,Oui,No,Non,19.550,Month-to-month,0,Mailed check,1,No
YSTWS88595,0,0,0,H,19.950,Oui,No,Non,1004.500,One year,0,Bank transfer (automatic),48,No
HSHSF16226,0,0,0,F,19.550,Oui,No,Non,19.550,Month-to-month,1,Mailed check,1,No
ZREHM99388,1,0,0,F,72.100,Oui,Yes,ADSL,2658.400,One year,0,Mailed check,37,No
QHEVC94419,0,0,0,H,19.100,Oui,No,Non,19.100,Month-to-month,0,Mailed check,1,No
EJNSR88742,1,0,1,H,25.200,Oui,Yes,Non,987.950,Two year,0,Mailed check,39,No
QDSZF34462,0,0,0,F,55.500,Oui,No,ADSL,227.350,Month-to-month,0,Credit card (automatic),4,No
RVRSV82777,1,0,1,F,24.150,Oui,Yes,Non,800.300,One year,0,Credit card (automatic),33,No
GLJIX60827,0,0,0,H,19.250,Oui,No,Non,331.350,Month-to-month,0,Mailed check,18,No
MOABM07423,1,0,0,H,50.050,Oui,No,ADSL,179.350,Month-to-month,0,Mailed check,4,Yes
NCEDI69228,0,0,1,H,21.200,Oui,No,Non,1238.650,One year,1,Mailed check,56,No
HCSWG38841,0,0,0,F,70.000,Oui,No,Fibre,1144.500,Month-to-month,1,Electronic check,17,Yes
ODYYE68931,0,0,0,H,90.100,Oui,No,Fibre,4549.450,One year,1,Credit card (automatic),50,No
YVSGE07946,1,0,1,H,20.300,Oui,No,Non,1401.150,Two year,0,Bank transfer (automatic),72,No
MRNYX94949,0,0,0,H,75.050,Oui,Yes,Fibre,786.300,Month-to-month,0,Electronic check,10,No
FRMJW72677,1,0,1,F,20.100,Oui,No,Non,486.050,Two year,0,Mailed check,25,No
AUELQ19877,1,0,0,F,25.050,Oui,Yes,Non,1873.700,Two year,0,Credit card (automatic),71,No
ZHAOK62867,1,0,1,F,25.550,Oui,Yes,Non,507.400,Month-to-month,1,Bank transfer (automatic),20,No
MYBOG75082,1,0,0,H,86.100,Oui,Yes,Fibre,1235.550,Month-to-month,1,Electronic check,14,Yes
TABGU63889,0,0,1,H,56.150,Oui,No,ADSL,3487.950,One year,0,Bank transfer (automatic),62,No
BWTPW04202,0,0,1,H,25.500,Non,No phone service,ADSL,215.200,Month-to-month,0,Mailed check,8,Yes
DMYRU80582,0,1,0,H,90.050,Oui,Yes,Fibre,4931.800,Month-to-month,1,Electronic check,54,No
EJKXG57347,0,0,0,F,118.600,Oui,Yes,Fibre,7365.700,One year,1,Electronic check,61,No
BNXIF41118,1,0,1,F,59.550,Non,No phone service,ADSL,4103.900,Two year,1,Electronic check,67,No
JMZNT79754,1,0,0,H,91.700,Oui,Yes,ADSL,6075.900,Two year,0,Bank transfer (automatic),66,No
CTMSF33843,1,0,0,H,104.100,Oui,Yes,Fibre,5135.150,Month-to-month,1,Electronic check,47,No
JEEBU27827,0,0,0,H,36.000,Non,No phone service,ADSL,780.150,Month-to-month,1,Mailed check,21,No
RXQTV56492,0,0,0,H,99.000,Oui,No,Fibre,5038.150,Month-to-month,1,Electronic check,51,No
GUCBY48244,0,1,0,F,81.700,Oui,No,Fibre,1820.900,Month-to-month,0,Electronic check,22,No
HHHZM63942,0,0,0,H,20.700,Oui,No,Non,57.500,Month-to-month,0,Mailed check,3,No
GPBBG94056,0,0,0,F,110.500,Oui,Yes,Fibre,7069.250,Two year,1,Credit card (automatic),64,No
RCYYE38967,0,0,0,F,53.400,Non,No phone service,ADSL,3579.150,Month-to-month,1,Credit card (automatic),67,No
GSBUN87748,1,0,0,H,25.400,Oui,Yes,Non,1797.100,Two year,0,Mailed check,72,No
YHWYT53382,0,0,1,H,61.450,Oui,No,ADSL,2302.350,Two year,0,Credit card (automatic),37,No
UKWJK47505,1,1,0,F,19.600,Oui,No,Non,727.800,One year,0,Mailed check,37,No
RZZQS18669,0,1,0,H,98.400,Oui,Yes,Fibre,4187.750,Month-to-month,1,Electronic check,41,Yes
RDGRO23605,1,0,0,H,104.250,Oui,Yes,Fibre,6812.950,Month-to-month,1,Electronic check,65,No
BCHLN30796,1,0,0,H,19.900,Oui,No,Non,942.950,One year,0,Bank transfer (automatic),47,No
KDREE39437,0,0,0,F,74.950,Oui,Yes,Fibre,1834.950,Month-to-month,1,Bank transfer (automatic),26,Yes
NZETQ26915,0,0,0,H,85.350,Oui,Yes,Fibre,758.600,Month-to-month,1,Electronic check,9,Yes
MEITZ53941,1,0,1,F,80.600,Oui,No,ADSL,4946.700,Two year,1,Bank transfer (automatic),60,No
XTSOH48267,1,1,0,H,86.050,Oui,Yes,Fibre,86.050,Month-to-month,1,Electronic check,1,Yes
VHRIP32497,0,0,0,F,43.600,Non,No phone service,ADSL,2748.700,Two year,1,Credit card (automatic),62,No
FBMZK20795,0,0,0,F,69.250,Oui,No,Fibre,418.400,Month-to-month,1,Mailed check,6,Yes
KXGQU97704,0,0,0,F,98.600,Oui,Yes,Fibre,5311.850,One year,0,Mailed check,53,No
CDKHF35224,1,0,0,F,75.500,Oui,No,Fibre,2324.700,Month-to-month,1,Bank transfer (automatic),32,No
ZLLSA81996,0,0,0,H,118.350,Oui,Yes,Fibre,7804.150,One year,1,Bank transfer (automatic),67,Yes
YNSKY70836,0,0,0,F,25.400,Oui,Yes,Non,399.600,Month-to-month,1,Credit card (automatic),15,Yes
RJFTJ55336,0,0,0,H,30.200,Non,No phone service,ADSL,1453.100,Month-to-month,1,Bank transfer (automatic),49,No
EDAKZ62147,1,0,1,F,55.150,Oui,No,ADSL,1206.050,Month-to-month,0,Electronic check,22,Yes
EYLLL89843,1,0,0,H,105.250,Oui,Yes,Fibre,6823.400,Two year,1,Electronic check,64,No
ZRRDZ37446,0,0,0,H,82.350,Oui,Yes,Fibre,1852.850,Month-to-month,1,Electronic check,21,Yes
RPBRZ24549,1,1,0,F,98.100,Oui,Yes,Fibre,1060.200,Month-to-month,1,Electronic check,12,Yes
THGOT47606,1,0,0,F,94.100,Oui,Yes,Fibre,4107.300,Month-to-month,1,Electronic check,43,No
QETQY70733,1,0,1,H,20.350,Oui,No,Non,1359.500,One year,1,Electronic check,66,No
NOPLP59809,1,0,0,F,96.100,Oui,Yes,Fibre,4364.100,Month-to-month,1,Electronic check,44,Yes
IKULF49331,0,1,0,F,20.650,Oui,No,Non,330.600,One year,0,Mailed check,17,No
VFKVB47497,0,0,0,F,50.100,Oui,Yes,ADSL,50.100,Month-to-month,1,Mailed check,1,Yes
MQBYC82764,0,1,0,H,97.800,Oui,Yes,Fibre,4913.300,Month-to-month,1,Electronic check,51,Yes
EUGRJ40837,0,0,0,H,20.250,Oui,No,Non,178.500,Month-to-month,0,Mailed check,9,Yes
RWHZL95189,0,0,0,F,100.050,Oui,Yes,Fibre,6254.200,One year,1,Credit card (automatic),64,Yes
TGUZV95522,1,0,0,H,75.000,Oui,No,Fibre,658.100,Month-to-month,1,Mailed check,8,No
SDTWQ86476,1,0,1,H,74.300,Oui,Yes,Fibre,4018.350,Month-to-month,1,Electronic check,57,No
WQAQW45604,0,0,0,F,68.700,Oui,Yes,ADSL,4070.950,One year,0,Bank transfer (automatic),59,No
VZZOM49429,1,0,0,H,66.150,Oui,Yes,ADSL,4392.500,One year,1,Credit card (automatic),64,No
NHXFW96297,1,0,1,F,19.400,Oui,No,Non,19.400,Month-to-month,1,Mailed check,1,No
ICFDO22266,1,0,1,F,85.900,Oui,Yes,ADSL,6110.750,Two year,1,Credit card (automatic),72,No
UIMSS28674,0,0,0,H,80.500,Oui,No,Fibre,80.500,Month-to-month,0,Electronic check,1,Yes
ZPWFQ68149,0,1,0,H,25.000,Oui,Yes,Non,1260.700,One year,0,Bank transfer (automatic),51,No
KXAUH44713,1,0,0,F,84.300,Oui,Yes,Fibre,3588.400,Month-to-month,1,Electronic check,42,Yes
HFKLA67662,1,0,0,F,103.200,Oui,Yes,Fibre,5744.350,Two year,0,Bank transfer (automatic),56,No
GXDAY70486,0,0,0,H,106.400,Oui,Yes,Fibre,4040.650,Month-to-month,1,Electronic check,39,No
REDIY94953,0,0,1,H,40.650,Non,No phone service,ADSL,970.550,One year,1,Credit card (automatic),25,No
MQPOS74719,1,1,1,H,72.900,Oui,Yes,ADSL,5139.650,One year,1,Bank transfer (automatic),71,No
CPDND56516,0,0,0,H,46.000,Oui,No,ADSL,492.100,Month-to-month,0,Mailed check,10,No
ZATGZ75861,0,0,0,H,84.900,Oui,Yes,Fibre,3369.050,Month-to-month,1,Electronic check,40,No
AGAAX52208,1,0,1,H,24.000,Oui,Yes,Non,1664.300,Two year,1,Bank transfer (automatic),68,No
BSHKG62487,1,0,1,H,20.400,Oui,No,Non,1226.450,One year,0,Mailed check,61,No
HIJDH28854,1,0,1,H,86.900,Oui,Yes,ADSL,6194.100,Two year,0,Bank transfer (automatic),69,No
MYYYZ66356,0,0,0,F,85.350,Oui,No,ADSL,2530.400,One year,0,Bank transfer (automatic),30,Yes
OYSJI36694,0,0,0,H,46.200,Oui,No,ADSL,46.200,Month-to-month,0,Credit card (automatic),1,Yes
UDPEU96177,0,0,0,F,19.250,Oui,No,Non,412.550,One year,1,Mailed check,22,No
SBRXP84651,1,0,1,H,94.900,Oui,Yes,Fibre,3616.250,Two year,1,Bank transfer (automatic),38,No
VYDLG09253,0,0,0,F,75.250,Oui,Yes,Fibre,242.000,Month-to-month,0,Electronic check,3,Yes
FYHKI30915,0,0,0,H,35.450,Non,No phone service,ADSL,35.450,Month-to-month,1,Electronic check,1,Yes
IWFHT70253,0,0,0,H,89.550,Oui,No,Fibre,3729.750,One year,1,Electronic check,41,No
LBZHY18483,1,0,0,F,50.300,Oui,No,ADSL,355.100,Month-to-month,1,Bank transfer (automatic),7,No
PRCBS08624,1,0,1,F,103.750,Oui,Yes,Fibre,7039.450,Two year,1,Credit card (automatic),68,No
QVKPB02954,0,0,0,H,63.950,Oui,No,ADSL,318.100,Month-to-month,1,Credit card (automatic),5,No
HJCUY30582,1,0,1,H,102.600,Oui,Yes,Fibre,4213.350,One year,1,Electronic check,41,Yes
UBYKY71071,1,0,1,F,25.750,Oui,Yes,Non,882.550,Month-to-month,1,Electronic check,35,No
QEVEE98665,0,0,0,H,86.000,Oui,Yes,Fibre,1532.450,Month-to-month,1,Bank transfer (automatic),19,Yes
YEJAX57367,0,0,1,H,79.450,Oui,Yes,ADSL,5502.550,Two year,1,Credit card (automatic),69,No
YJTYT15063,1,0,1,H,73.850,Oui,Yes,ADSL,3371.000,Two year,0,Credit card (automatic),45,No
LHIEB99931,1,0,1,H,67.850,Oui,No,ADSL,4627.650,Two year,0,Mailed check,67,No
IWPXQ95008,1,0,1,F,79.400,Oui,Yes,ADSL,4820.550,One year,1,Electronic check,61,No
XBQDD37373,0,0,0,H,84.850,Oui,Yes,Fibre,2048.800,Month-to-month,1,Bank transfer (automatic),24,No
ERYFC47047,1,0,0,F,69.250,Oui,No,Fibre,1554.000,Month-to-month,1,Electronic check,22,Yes
EASSD79976,1,0,0,F,81.200,Oui,Yes,Fibre,4965.100,One year,1,Credit card (automatic),63,No
IKEEG53787,0,0,0,F,35.750,Non,No phone service,ADSL,35.750,Month-to-month,1,Electronic check,1,Yes
NDOIA83135,0,0,0,F,104.150,Oui,Yes,Fibre,2494.650,Month-to-month,1,Electronic check,24,No
ZFSMY22375,0,0,0,F,95.550,Oui,No,Fibre,3692.850,One year,1,Electronic check,39,Yes
VODJZ41843,1,0,1,H,91.350,Oui,Yes,Fibre,5764.700,One year,1,Electronic check,63,No
ZRXFN21033,0,0,0,H,50.750,Oui,Yes,ADSL,50.750,Month-to-month,0,Mailed check,1,No
KEDTB43108,0,0,1,F,29.800,Non,No phone service,ADSL,786.500,Month-to-month,1,Mailed check,26,No
ZTQFB81907,0,0,0,H,51.350,Non,No phone service,ADSL,2075.100,One year,1,Electronic check,41,No
RAHBV31253,0,0,0,H,20.300,Oui,No,Non,467.150,One year,0,Credit card (automatic),22,No
HQAEN51986,1,0,1,H,89.700,Oui,No,Fibre,3165.600,One year,1,Electronic check,35,No
RGKCU09695,1,0,1,H,19.800,Oui,No,Non,677.050,One year,0,Credit card (automatic),37,No
TYFRD30058,1,0,0,F,103.650,Oui,Yes,Fibre,5676.650,Month-to-month,1,Credit card (automatic),55,No
PQIUY30386,0,0,0,F,66.150,Oui,Yes,ADSL,2522.400,Month-to-month,1,Bank transfer (automatic),38,No
NVFAM70784,1,0,1,F,35.150,Non,No phone service,ADSL,1051.050,Month-to-month,1,Electronic check,32,No
KYGHE54334,0,0,1,F,86.000,Oui,Yes,Fibre,1164.050,Month-to-month,1,Mailed check,14,No
KPVKK75728,0,0,1,H,104.050,Oui,Yes,Fibre,6590.500,Two year,1,Electronic check,62,No
MSSXB83374,0,0,0,F,86.300,Oui,No,Fibre,1180.950,Month-to-month,1,Electronic check,14,Yes
OJVTK20824,1,0,1,H,89.200,Oui,Yes,Fibre,2698.350,Month-to-month,1,Electronic check,29,Yes
FTBXC44024,0,0,0,H,89.800,Oui,No,Fibre,4667.000,Month-to-month,0,Mailed check,54,No
QYTTU51499,1,0,1,F,95.150,Oui,Yes,Fibre,6770.850,One year,1,Credit card (automatic),71,No
BUOZZ25587,0,0,0,H,94.800,Oui,Yes,Fibre,4535.850,One year,0,Bank transfer (automatic),47,No
ANRML56494,0,1,0,H,95.100,Oui,No,Fibre,180.250,Month-to-month,1,Credit card (automatic),2,Yes
EEXWB29591,1,0,1,F,50.900,Non,No phone service,ADSL,2333.850,Month-to-month,1,Bank transfer (automatic),45,No
ZWMNX68705,1,0,0,H,76.100,Oui,Yes,ADSL,5264.250,Two year,0,Credit card (automatic),70,No
PVLZI00317,1,0,1,F,20.350,Oui,No,Non,76.350,Month-to-month,0,Mailed check,4,Yes
AIDJQ14311,1,0,1,H,82.100,Oui,No,ADSL,2603.100,Two year,0,Credit card (automatic),33,No
MUOEZ43327,1,1,1,H,94.300,Oui,No,Fibre,1818.300,One year,0,Credit card (automatic),20,No
MHQOF54515,1,0,1,H,24.450,Oui,Yes,Non,1431.650,One year,1,Mailed check,56,No
YKGDV77831,0,0,0,F,99.700,Oui,Yes,Fibre,1238.450,Month-to-month,1,Bank transfer (automatic),12,Yes
CNGRH09277,0,0,1,H,19.550,Oui,No,Non,19.550,Month-to-month,0,Mailed check,1,No
PYUSH45104,0,1,0,F,57.150,Oui,No,ADSL,2250.650,Month-to-month,1,Credit card (automatic),38,Yes
UOWJG90898,1,0,1,F,58.350,Oui,No,ADSL,740.550,Month-to-month,1,Credit card (automatic),12,No
AMTIE14937,0,0,0,H,20.200,Oui,No,Non,20.200,Month-to-month,1,Bank transfer (automatic),1,Yes
SIDFQ68232,0,0,0,H,18.250,Oui,No,Non,534.700,One year,0,Credit card (automatic),28,No
QBVSH12473,1,0,1,F,50.200,Oui,No,ADSL,2169.400,Month-to-month,0,Mailed check,43,No
GDMOI68046,0,0,0,F,106.600,Oui,Yes,Fibre,6428.400,Two year,1,Electronic check,61,Yes
HTOTQ54024,0,0,0,H,55.300,Oui,Yes,ADSL,875.350,Month-to-month,0,Electronic check,16,No
RXJRQ63794,1,0,0,H,70.100,Oui,No,Fibre,659.650,Month-to-month,1,Electronic check,10,Yes
UUZZO27965,1,0,1,H,80.300,Oui,No,Fibre,4896.350,Month-to-month,1,Credit card (automatic),63,No
GTUUK07843,1,0,0,H,23.750,Oui,Yes,Non,1446.800,One year,1,Credit card (automatic),62,No
EHPPG96745,1,0,0,H,40.400,Non,No phone service,ADSL,1842.700,Two year,0,Credit card (automatic),46,No
CFOUJ22397,1,0,1,H,20.400,Oui,No,Non,20.400,One year,0,Mailed check,1,No
UKWQP07546,0,0,0,H,95.850,Oui,No,Fibre,197.700,Month-to-month,1,Electronic check,2,Yes
HVAYI82219,1,0,1,H,69.150,Oui,Yes,ADSL,2490.150,Two year,1,Credit card (automatic),35,No
KOMJQ86453,1,0,1,H,81.950,Oui,Yes,ADSL,5601.400,Two year,1,Bank transfer (automatic),69,No
MFOTG22422,0,0,0,H,80.100,Oui,Yes,Fibre,2603.300,One year,0,Bank transfer (automatic),33,No
OPFEM97985,0,0,0,F,21.100,Oui,No,Non,937.100,Two year,1,Electronic check,46,No
ALXXZ26366,0,1,0,F,69.600,Oui,No,Fibre,69.600,Month-to-month,1,Electronic check,1,Yes
TRZWM50434,0,0,0,F,75.550,Oui,No,Fibre,75.550,Month-to-month,0,Electronic check,1,No
ONYDQ20502,1,0,1,F,26.000,Oui,Yes,Non,1654.850,Two year,0,Credit card (automatic),65,No
DFJKB08517,0,0,0,F,58.950,Oui,No,ADSL,955.150,Month-to-month,0,Electronic check,15,No
IZEUX89937,0,0,0,H,69.150,Oui,No,Fibre,488.650,Month-to-month,0,Bank transfer (automatic),7,No
TLDHQ40132,0,0,0,H,78.250,Oui,No,Fibre,1490.950,Month-to-month,1,Electronic check,19,Yes
JWVUX12166,1,0,1,H,75.500,Oui,No,Fibre,1901.050,Month-to-month,1,Electronic check,25,No
FFLEM97675,0,0,0,H,69.500,Oui,No,Fibre,2625.250,Month-to-month,1,Credit card (automatic),38,No
CXBKL06215,0,0,0,F,18.700,Oui,No,Non,1005.700,Two year,0,Mailed check,53,No
SVUCV19635,0,0,0,H,45.300,Oui,No,ADSL,45.300,Month-to-month,0,Electronic check,1,Yes
LXKFY10861,1,0,1,F,69.100,Oui,No,Fibre,69.100,Month-to-month,1,Mailed check,1,Yes
PFRQK52663,1,0,1,H,20.850,Oui,No,Non,1071.600,One year,1,Credit card (automatic),52,No
TMATR90273,1,0,0,F,78.800,Oui,No,ADSL,3460.300,Two year,1,Electronic check,43,No
UKTOX06966,0,0,1,H,54.150,Oui,No,ADSL,1312.450,Month-to-month,0,Electronic check,23,No
VFMWO17306,1,0,0,F,50.200,Oui,No,ADSL,1815.300,Month-to-month,0,Bank transfer (automatic),34,No
JNWRU75937,1,0,1,H,44.600,Oui,No,ADSL,260.800,Month-to-month,1,Bank transfer (automatic),6,Yes
NAKJS41898,0,0,0,H,51.550,Oui,Yes,ADSL,1295.400,One year,1,Credit card (automatic),26,No
WTYHE68175,0,0,0,H,44.900,Oui,No,ADSL,111.050,Month-to-month,0,Bank transfer (automatic),2,No
QSUSR63196,0,0,1,F,19.700,Oui,No,Non,216.200,Month-to-month,0,Credit card (automatic),11,No
HSOOQ16602,0,0,0,H,49.650,Oui,No,ADSL,49.650,Month-to-month,1,Mailed check,1,Yes
IMHHT52948,1,0,0,H,97.750,Oui,Yes,Fibre,5043.200,One year,0,Bank transfer (automatic),53,No
WNZSY78535,0,0,0,H,19.750,Oui,No,Non,19.750,Month-to-month,1,Credit card (automatic),1,No
HXJVA79014,0,0,0,H,76.450,Oui,No,Fibre,1117.550,Month-to-month,0,Electronic check,14,No
SIZNC85957,1,1,0,F,25.600,Oui,Yes,Non,548.800,One year,0,Bank transfer (automatic),22,No
SJDOU26369,0,0,0,H,84.300,Oui,Yes,Fibre,5289.050,One year,1,Credit card (automatic),64,No
YPIRV51301,1,0,0,F,72.000,Oui,No,ADSL,4284.200,Two year,1,Credit card (automatic),62,No
YLXCL75413,0,0,0,H,65.400,Oui,No,ADSL,2498.400,One year,1,Mailed check,36,Yes
RRIDN26122,0,0,0,H,81.000,Oui,No,Fibre,340.850,Month-to-month,1,Electronic check,4,Yes
MTYVW70373,1,0,1,H,85.400,Oui,Yes,ADSL,3297.000,Two year,1,Bank transfer (automatic),38,No
AEXBM99442,0,0,0,H,85.650,Oui,Yes,Fibre,2664.300,Month-to-month,1,Bank transfer (automatic),32,No
DHKWQ67015,1,0,1,F,51.350,Non,No phone service,ADSL,3244.400,Two year,0,Credit card (automatic),61,No
YGSCA90679,0,0,0,F,26.050,Oui,Yes,Non,1856.400,One year,0,Credit card (automatic),70,No
OTVVJ26757,1,1,0,H,89.450,Oui,Yes,Fibre,2807.650,Month-to-month,0,Electronic check,31,No
ZRPVR90255,0,0,0,H,18.950,Oui,No,Non,185.600,Month-to-month,1,Mailed check,9,Yes
CEBSX29775,0,0,0,F,90.050,Oui,Yes,ADSL,5965.950,Two year,1,Credit card (automatic),66,No
YPJNK49366,0,0,0,F,19.900,Oui,No,Non,199.450,Month-to-month,1,Mailed check,10,No
LWKGE88451,1,0,1,F,64.500,Oui,No,ADSL,1985.150,One year,1,Electronic check,30,No
DJRCH82126,1,0,1,H,90.350,Oui,No,Fibre,434.500,Month-to-month,1,Mailed check,5,No
FAZKD31205,1,0,1,H,24.050,Oui,Yes,Non,1230.900,Two year,1,Bank transfer (automatic),54,No
JXEAW77217,1,0,0,H,41.050,Non,No phone service,ADSL,2452.700,Month-to-month,1,Bank transfer (automatic),59,Yes
QPRCH34724,1,0,1,H,25.250,Oui,Yes,Non,1006.900,Two year,0,Credit card (automatic),40,No
LRIZX67334,0,0,0,H,108.950,Oui,Yes,Fibre,4025.500,Two year,1,Electronic check,35,No
SYFRB07192,0,0,0,F,61.650,Oui,Yes,ADSL,713.750,Month-to-month,1,Mailed check,12,Yes
EKNFS75472,1,0,0,H,95.250,Oui,Yes,Fibre,3959.350,Month-to-month,1,Bank transfer (automatic),42,Yes
PDSZP98618,0,0,0,F,108.050,Oui,Yes,Fibre,7806.600,Two year,1,Credit card (automatic),72,No
FRZAA21622,1,0,1,H,39.350,Non,No phone service,ADSL,2395.050,Two year,0,Bank transfer (automatic),63,No
PQCDZ51444,0,0,0,H,19.950,Oui,No,Non,59.250,Month-to-month,1,Mailed check,4,No
OMWGI21972,1,1,1,F,53.000,Non,No phone service,ADSL,3656.250,Two year,1,Electronic check,68,No
FFVBJ04844,0,0,0,H,64.850,Oui,No,ADSL,2010.950,One year,1,Bank transfer (automatic),32,No
LCKZL76935,1,0,1,H,80.150,Oui,Yes,Fibre,385.000,Month-to-month,1,Electronic check,5,Yes
SJNAT22667,1,0,0,F,109.150,Oui,Yes,Fibre,7789.600,One year,0,Credit card (automatic),72,No
JMNGR42012,0,1,0,F,55.800,Oui,No,ADSL,55.800,Month-to-month,1,Electronic check,1,Yes
VLHCZ35086,1,0,1,F,90.550,Oui,Yes,ADSL,6239.050,Two year,1,Credit card (automatic),71,No
OYVOC02064,1,0,1,F,19.250,Oui,No,Non,864.200,Two year,1,Mailed check,46,No
NXDCA68348,0,0,0,F,23.900,Non,No phone service,ADSL,300.800,Month-to-month,1,Electronic check,13,Yes
QVCRG26692,0,0,0,F,81.300,Oui,Yes,Fibre,3190.650,Month-to-month,1,Credit card (automatic),41,No
VTGLK40792,1,1,0,H,74.850,Oui,Yes,ADSL,2181.750,Two year,0,Electronic check,30,No
FTTVZ97288,0,0,0,F,69.200,Oui,No,Fibre,69.200,Month-to-month,1,Electronic check,1,Yes
WYBND80509,0,0,1,F,49.450,Non,No phone service,ADSL,1031.400,One year,1,Credit card (automatic),22,No
SFXMJ28129,0,0,1,H,20.050,Oui,No,Non,20.050,Month-to-month,0,Mailed check,1,No
AMZBO56069,1,0,0,F,78.150,Oui,Yes,Fibre,765.150,Month-to-month,1,Credit card (automatic),10,No
DYXAV40815,0,0,0,F,44.850,Non,No phone service,ADSL,893.550,One year,1,Credit card (automatic),19,Yes
VQMYT65841,0,0,1,H,56.200,Oui,No,ADSL,1567.550,One year,0,Mailed check,27,No
JVXYM77985,0,0,0,F,69.650,Oui,No,ADSL,921.400,Month-to-month,1,Electronic check,14,No
CUXZB76633,1,0,0,H,113.750,Oui,Yes,Fibre,6561.250,Two year,0,Electronic check,59,No
WXGNA84336,0,0,0,H,75.700,Oui,No,Fibre,189.200,Month-to-month,1,Electronic check,2,Yes
HMKWP68287,1,0,1,H,21.050,Oui,No,Non,262.050,Two year,0,Bank transfer (automatic),12,No
EBWRN28315,0,0,0,H,45.900,Oui,No,ADSL,199.750,Month-to-month,1,Electronic check,4,No
OWRVL37296,0,1,0,H,110.350,Oui,Yes,Fibre,7246.150,Two year,1,Electronic check,65,No
MXQJT66458,1,0,1,H,97.100,Oui,No,Fibre,184.150,Month-to-month,0,Electronic check,2,No
EJXVF21721,0,1,0,F,105.900,Oui,Yes,Fibre,7521.950,One year,1,Electronic check,71,No
EIWEO26844,0,1,0,F,91.700,Oui,Yes,Fibre,2758.150,Month-to-month,0,Credit card (automatic),30,Yes
AOZUF52337,1,0,0,F,74.950,Oui,Yes,Fibre,2149.050,Month-to-month,1,Electronic check,29,No
XPXAV42366,1,0,1,F,99.150,Oui,No,Fibre,465.050,Month-to-month,1,Mailed check,5,Yes
RTPMF61982,1,0,0,F,92.600,Oui,Yes,Fibre,1579.700,Month-to-month,0,Electronic check,17,No
GICBM35805,1,0,1,F,24.200,Oui,Yes,Non,1445.200,Two year,1,Mailed check,61,No
QYMUQ23114,1,0,1,F,89.450,Oui,No,Fibre,1430.250,Month-to-month,1,Credit card (automatic),16,Yes
ZEOVF89022,1,0,1,H,20.050,Oui,No,Non,951.550,One year,0,Mailed check,47,No
ERDKV95927,1,0,0,H,79.250,Oui,Yes,ADSL,2911.800,One year,0,Mailed check,37,No
KEXXH64641,0,0,0,H,25.250,Non,No phone service,ADSL,186.300,Month-to-month,1,Credit card (automatic),8,No
SKJGO52565,1,0,1,F,54.600,Non,No phone service,ADSL,3423.500,Two year,1,Electronic check,64,No
QYHEX52492,1,0,1,F,24.800,Oui,Yes,Non,1024.700,Two year,1,Mailed check,40,No
BXEFA17843,0,0,0,F,20.550,Oui,No,Non,187.350,Month-to-month,1,Mailed check,10,No
OPMFY12626,1,0,0,F,75.750,Oui,No,Fibre,655.900,Month-to-month,1,Bank transfer (automatic),9,Yes
VAFJJ99729,1,1,0,F,94.000,Oui,No,Fibre,4871.450,One year,1,Electronic check,53,No
RJPZN86209,0,0,0,F,20.700,Oui,No,Non,20.700,Month-to-month,0,Electronic check,1,No
ZSINC95224,0,0,0,H,19.950,Oui,No,Non,253.800,One year,1,Electronic check,13,No
SXWVT21888,0,0,0,F,55.000,Oui,No,ADSL,1885.150,One year,0,Mailed check,34,No
KHMLI34865,0,0,1,H,24.700,Oui,Yes,Non,467.150,Month-to-month,0,Mailed check,21,No
CZMZD31152,0,0,1,H,20.250,Oui,No,Non,,Two year,0,Mailed check,0,No
NTIXE71757,0,0,0,F,76.150,Oui,No,ADSL,1992.950,Month-to-month,1,Credit card (automatic),25,No
RNCEZ29204,1,0,1,H,69.950,Oui,No,Fibre,69.950,Month-to-month,1,Credit card (automatic),1,No
VQRRV25165,0,1,0,F,75.450,Oui,Yes,Fibre,158.400,Month-to-month,1,Mailed check,2,Yes
ADFAO28881,1,0,1,F,21.300,Oui,No,Non,1041.800,Two year,1,Bank transfer (automatic),47,No
PHBHR21902,1,0,0,F,94.450,Oui,Yes,Fibre,6921.700,Two year,1,Credit card (automatic),72,No
IZEYF12547,0,1,0,F,99.950,Oui,Yes,Fibre,3186.650,Month-to-month,1,Electronic check,31,Yes
SGTTA25204,1,0,1,F,20.000,Oui,No,Non,,Two year,0,Mailed check,0,No
NMHXE96469,1,0,0,H,19.650,Oui,No,Non,973.100,Two year,0,Mailed check,47,No
TZYEC87492,1,0,0,H,24.800,Oui,Yes,Non,1874.300,Two year,0,Credit card (automatic),72,No
KFDBY97086,0,0,0,H,20.550,Oui,No,Non,20.550,Month-to-month,0,Credit card (automatic),1,No
NELLA07785,0,0,0,H,34.700,Non,No phone service,ADSL,296.100,Month-to-month,1,Credit card (automatic),9,Yes
OOQEJ86765,0,0,0,H,30.500,Non,No phone service,ADSL,118.400,Month-to-month,0,Electronic check,4,No
BMCMR15805,0,1,0,H,87.300,Oui,No,Fibre,1637.300,Month-to-month,1,Electronic check,19,No
IUTDZ77306,0,0,0,H,75.200,Oui,No,Fibre,3198.600,Month-to-month,1,Electronic check,43,Yes
BKRZW23517,1,0,1,F,75.200,Oui,No,ADSL,3254.350,Two year,0,Bank transfer (automatic),43,No
GRXMG32557,0,0,1,H,45.650,Oui,No,ADSL,747.200,Month-to-month,1,Credit card (automatic),18,No
HLGXF04208,0,1,0,F,99.750,Oui,Yes,Fibre,4036.000,Month-to-month,1,Electronic check,39,No
PBZEJ32924,0,1,0,H,111.400,Oui,Yes,Fibre,1183.050,Month-to-month,1,Electronic check,11,No
FOKSF78548,0,0,0,H,35.900,Non,No phone service,ADSL,35.900,Month-to-month,0,Electronic check,1,Yes
HIPDW48061,1,0,0,F,68.950,Oui,No,Fibre,68.950,Month-to-month,1,Electronic check,1,Yes
IOQNP72336,1,0,0,F,34.000,Non,No phone service,ADSL,1505.350,Month-to-month,0,Bank transfer (automatic),43,No
OSJDW83321,1,0,1,H,26.400,Oui,Yes,Non,314.950,One year,0,Mailed check,12,No
NKNSI22523,0,0,1,H,85.150,Oui,Yes,ADSL,4461.850,Two year,1,Mailed check,52,No
LGKSR82008,1,0,0,H,83.200,Oui,Yes,ADSL,6126.100,Two year,0,Electronic check,71,No
CQRBU63084,1,0,0,F,109.250,Oui,Yes,Fibre,7707.700,Two year,0,Electronic check,71,No
KOAVE07304,0,0,0,H,94.300,Oui,Yes,Fibre,2679.700,Month-to-month,1,Credit card (automatic),30,No
RCFUM18979,1,0,1,F,24.200,Oui,Yes,Non,914.600,One year,1,Mailed check,39,No
ZABDG08073,0,0,1,F,55.100,Oui,No,ADSL,154.650,Month-to-month,1,Mailed check,3,Yes
BOLNL89096,0,0,0,H,21.200,Oui,No,Non,52.050,One year,0,Mailed check,3,No
RCYMT43223,1,0,1,H,75.800,Oui,Yes,ADSL,5293.950,One year,1,Bank transfer (automatic),68,Yes
BUBFA54651,1,0,1,F,19.300,Oui,No,Non,772.400,Two year,0,Bank transfer (automatic),41,No
QXNGV06265,1,0,0,F,24.150,Oui,Yes,Non,1776.450,Two year,1,Credit card (automatic),72,No
PJVDB11849,1,0,0,H,79.950,Oui,No,Fibre,857.200,Month-to-month,1,Electronic check,10,Yes
IUBJR38631,1,0,1,H,53.650,Oui,No,ADSL,696.350,One year,0,Credit card (automatic),12,Yes
ACXIP05365,1,0,0,F,109.550,Oui,Yes,Fibre,8165.100,Two year,1,Electronic check,72,No
MAELW10326,1,0,1,F,78.450,Oui,Yes,ADSL,5333.350,One year,1,Electronic check,68,No
XWBDM67719,1,0,0,F,104.500,Oui,Yes,Fibre,5921.350,Month-to-month,1,Credit card (automatic),57,Yes
ZUSHQ97107,0,1,0,F,106.750,Oui,Yes,Fibre,4056.750,Month-to-month,1,Bank transfer (automatic),37,Yes
ADESB68766,0,0,1,H,48.950,Oui,No,ADSL,48.950,Month-to-month,0,Electronic check,1,Yes
TGHTM67771,0,0,0,F,106.950,Oui,Yes,Fibre,5785.500,One year,1,Credit card (automatic),53,Yes
USWAR32291,0,0,0,F,79.950,Oui,No,ADSL,2727.300,One year,1,Bank transfer (automatic),34,No
GIOUT86246,0,0,0,F,59.750,Oui,Yes,ADSL,2934.300,Month-to-month,1,Credit card (automatic),49,Yes
AMZUF66959,1,0,0,F,86.450,Oui,No,ADSL,5950.200,Two year,0,Credit card (automatic),70,No
YMUXS24511,0,1,0,H,64.550,Oui,Yes,ADSL,4250.100,Two year,1,Bank transfer (automatic),67,No
GSJNL64072,0,0,0,F,24.950,Oui,Yes,Non,1288.000,Two year,0,Bank transfer (automatic),51,No
PLAHS29883,0,0,0,F,69.950,Oui,No,ADSL,220.450,One year,1,Electronic check,3,No
MIYKT50324,0,0,0,F,70.700,Oui,No,Fibre,70.700,Month-to-month,1,Mailed check,1,No
AUUZZ10881,1,0,1,H,75.850,Oui,Yes,ADSL,4261.200,Two year,1,Credit card (automatic),56,No
AOVVU75876,1,0,1,H,100.750,Oui,Yes,Fibre,2793.550,Month-to-month,0,Electronic check,27,No
CYWKC14489,1,0,1,F,105.200,Oui,Yes,Fibre,6225.400,One year,1,Credit card (automatic),58,No
BDWCY58501,0,0,0,F,20.200,Oui,No,Non,123.650,Month-to-month,0,Mailed check,6,No
EPSZW75034,1,0,1,F,24.050,Oui,Yes,Non,1559.150,Two year,1,Mailed check,64,No
FAZPK48281,1,0,1,F,79.950,Oui,Yes,Fibre,1267.950,Month-to-month,1,Credit card (automatic),16,No
MHHUM34108,1,0,1,F,94.400,Oui,Yes,Fibre,4295.350,One year,0,Electronic check,44,No
INWPS66486,1,0,1,H,20.150,Oui,No,Non,341.350,Month-to-month,0,Electronic check,16,No
EUZHC13288,1,0,0,F,20.100,Oui,No,Non,370.500,Two year,0,Mailed check,18,No
SZZZD21221,0,0,0,H,19.500,Oui,No,Non,835.500,One year,0,Credit card (automatic),44,No
FFNJK10289,1,1,0,H,101.500,Oui,Yes,Fibre,2917.650,Month-to-month,1,Electronic check,30,No
LCAQL47475,0,0,0,H,79.000,Oui,No,ADSL,1902.000,Month-to-month,1,Mailed check,25,No
TNKIO36777,0,0,0,F,71.000,Oui,No,Fibre,914.000,Month-to-month,1,Credit card (automatic),14,Yes
ZGKPT22358,1,0,1,F,50.850,Oui,Yes,ADSL,239.550,Month-to-month,0,Mailed check,4,Yes
MFZGM08152,1,0,0,F,99.000,Oui,No,Fibre,4135.000,Two year,1,Credit card (automatic),42,No
XZTQC57742,1,0,1,F,20.450,Oui,No,Non,150.750,Month-to-month,0,Mailed check,7,No
BQZLN29165,0,0,0,H,84.750,Oui,Yes,Fibre,1651.950,Month-to-month,1,Electronic check,19,No
QXNSA09996,0,1,1,H,45.750,Oui,No,ADSL,344.200,Month-to-month,1,Mailed check,7,No
ZODZZ79194,1,0,1,F,65.900,Oui,No,ADSL,660.050,One year,1,Mailed check,10,No
WMRNW89031,1,0,0,F,101.750,Oui,No,Fibre,1669.400,Month-to-month,0,Electronic check,15,No
FECZV20277,0,0,0,H,106.700,Oui,Yes,Fibre,1253.900,Month-to-month,1,Electronic check,12,Yes
VKFPE12186,1,0,1,F,19.000,Oui,No,Non,233.550,Month-to-month,0,Mailed check,12,Yes
TNDEU69798,0,0,0,F,19.200,Oui,No,Non,156.850,Month-to-month,0,Mailed check,8,No
BGSIQ41826,1,0,1,F,19.800,Oui,No,Non,196.750,Month-to-month,1,Bank transfer (automatic),10,No
ZZJWQ05311,1,1,0,H,74.000,Oui,Yes,Fibre,4052.400,Month-to-month,1,Electronic check,55,No
HSGTV91106,0,0,0,F,82.450,Oui,No,ADSL,5555.300,Two year,1,Credit card (automatic),69,No
EWBNJ46161,0,0,0,F,20.100,Oui,No,Non,318.600,One year,0,Bank transfer (automatic),16,No
KKCXF77403,1,0,0,H,30.050,Non,No phone service,ADSL,1529.450,Month-to-month,1,Credit card (automatic),51,No
XIWIO24009,1,0,0,F,90.100,Oui,Yes,ADSL,6310.900,Two year,0,Electronic check,71,No
FXTIZ93789,1,0,0,F,70.150,Oui,Yes,ADSL,3715.650,One year,1,Credit card (automatic),54,Yes
UVSPD37161,0,0,0,H,49.300,Oui,No,ADSL,49.300,Month-to-month,1,Electronic check,1,No
LHRTG62619,0,0,0,F,54.750,Oui,No,ADSL,1406.900,Month-to-month,1,Credit card (automatic),26,No
URHJN78455,1,0,0,F,20.150,Oui,No,Non,156.250,Month-to-month,0,Bank transfer (automatic),8,Yes
HVLXG68381,0,0,0,F,20.300,Oui,No,Non,246.700,Month-to-month,0,Mailed check,12,No
VKDTT59562,1,1,0,F,74.350,Oui,Yes,Fibre,334.800,Month-to-month,1,Electronic check,5,Yes
OIQSX65221,1,0,1,F,54.950,Non,No phone service,ADSL,3772.500,Two year,1,Credit card (automatic),69,No
NCDLI17517,1,1,0,H,98.850,Oui,Yes,Fibre,4564.900,Month-to-month,1,Electronic check,46,No
AUOAX48291,0,0,0,F,96.050,Oui,Yes,Fibre,4399.500,Month-to-month,0,Bank transfer (automatic),46,Yes
RHZGU74263,0,0,0,H,95.900,Oui,No,Fibre,827.450,Month-to-month,1,Bank transfer (automatic),9,No
JURKQ74099,1,0,0,F,111.800,Oui,Yes,Fibre,5809.750,One year,1,Bank transfer (automatic),53,No
ARQET88079,0,0,0,F,40.350,Non,No phone service,ADSL,1677.850,Month-to-month,1,Electronic check,41,No
FQTVJ30975,0,0,0,F,20.000,Oui,No,Non,810.300,Two year,0,Mailed check,41,No
RDDLT87567,0,0,0,F,44.950,Non,No phone service,ADSL,3085.350,Month-to-month,0,Electronic check,68,No
BBZXK95604,0,0,0,F,31.050,Non,No phone service,ADSL,1126.350,Two year,0,Bank transfer (automatic),36,No
MHQDC43816,0,0,0,F,65.000,Oui,Yes,ADSL,2879.900,Two year,1,Mailed check,47,No
PCJOO52956,0,0,1,H,49.400,Oui,No,ADSL,184.400,Month-to-month,1,Electronic check,4,Yes
BHCAW60133,1,0,1,H,81.000,Oui,Yes,ADSL,4976.150,Two year,1,Bank transfer (automatic),61,No
YITQD36726,1,1,0,H,84.100,Oui,Yes,Fibre,3021.600,Month-to-month,1,Electronic check,36,Yes
OYLBX97537,0,0,0,F,20.500,Oui,No,Non,20.500,Month-to-month,0,Mailed check,1,No
AKTSX19658,0,1,0,F,78.950,Oui,Yes,Fibre,1101.850,Month-to-month,1,Electronic check,14,Yes
BWFSS91014,1,0,0,F,108.550,Oui,Yes,Fibre,5610.700,One year,0,Electronic check,50,Yes
VCOIO16825,0,0,0,H,20.450,Oui,No,Non,481.100,One year,0,Mailed check,23,No
TRMJS86761,0,0,0,H,75.000,Oui,Yes,Fibre,209.100,Month-to-month,0,Mailed check,3,Yes
MBMLB44804,0,0,0,F,104.800,Oui,Yes,Fibre,3886.450,One year,1,Bank transfer (automatic),36,No
IBNHG81555,1,0,0,F,75.400,Oui,Yes,Fibre,1747.850,Month-to-month,1,Credit card (automatic),24,Yes
RMRDB72073,1,0,1,F,105.500,Oui,Yes,Fibre,6985.650,Month-to-month,1,Electronic check,65,Yes
SBKRY36062,0,0,0,H,50.050,Non,No phone service,ADSL,1523.400,One year,1,Electronic check,31,No
QRLUP67412,0,0,0,F,80.300,Oui,Yes,ADSL,4995.350,Two year,1,Credit card (automatic),63,No
VAPYH29694,0,0,0,F,60.500,Oui,No,ADSL,3870.000,One year,0,Credit card (automatic),67,No
LBRDI83616,0,0,0,F,24.350,Oui,Yes,Non,1423.850,Two year,0,Credit card (automatic),58,No
RCUXW13842,0,0,0,H,80.550,Oui,Yes,Fibre,1248.900,Month-to-month,1,Mailed check,16,No
CEFLT20823,0,0,0,H,45.600,Oui,No,ADSL,45.600,Month-to-month,1,Electronic check,1,Yes
EXGSF68543,0,0,0,F,65.500,Oui,Yes,ADSL,573.150,Month-to-month,1,Bank transfer (automatic),8,No
HQITU92371,0,0,0,F,70.700,Oui,No,Fibre,151.650,Month-to-month,1,Electronic check,2,Yes
ZSMHQ51178,1,0,1,F,89.900,Oui,Yes,ADSL,6342.700,Two year,0,Bank transfer (automatic),71,No
XZZKR56191,0,0,0,H,19.950,Oui,No,Non,68.200,One year,0,Mailed check,4,No
VWBID38895,1,0,1,H,82.850,Oui,No,ADSL,5776.450,Two year,0,Bank transfer (automatic),68,No
CZFEI67285,0,0,0,F,56.150,Oui,No,ADSL,931.900,One year,0,Mailed check,15,No
NTUPK56399,0,0,1,H,52.100,Oui,No,ADSL,670.650,Month-to-month,1,Credit card (automatic),13,No
TKMXS15525,1,0,0,F,20.350,Oui,No,Non,869.900,Month-to-month,0,Credit card (automatic),42,No
YFUTL02376,1,0,0,F,109.650,Oui,Yes,Fibre,5405.800,Month-to-month,1,Bank transfer (automatic),50,No
EFSYY98421,0,0,1,F,57.200,Non,No phone service,ADSL,223.750,Month-to-month,1,Mailed check,4,No
VTYLJ75015,0,0,1,F,51.550,Oui,No,ADSL,106.200,Month-to-month,0,Mailed check,2,No
CWRGM03861,1,0,1,F,19.400,Oui,No,Non,967.850,Two year,0,Mailed check,46,No
YLCMQ36851,0,0,0,H,104.650,Oui,Yes,Fibre,6219.600,One year,1,Electronic check,58,Yes
TXSIU22333,1,0,1,H,44.450,Non,No phone service,ADSL,792.150,One year,0,Credit card (automatic),17,No
WZEKY78512,0,0,0,F,95.150,Oui,Yes,Fibre,196.900,Month-to-month,1,Electronic check,2,Yes
YIZKA23784,1,0,1,F,85.000,Oui,No,ADSL,5607.750,Two year,1,Credit card (automatic),68,No
REHUX60301,1,1,0,F,110.850,Oui,Yes,Fibre,3204.400,Month-to-month,1,Electronic check,28,No
ALKBS21297,1,0,1,F,26.200,Oui,Yes,Non,1077.500,Month-to-month,1,Electronic check,40,No
JEJJC29264,0,0,0,F,20.200,Oui,No,Non,140.950,One year,1,Bank transfer (automatic),8,No
POOTN98212,1,0,0,H,75.200,Oui,Yes,Fibre,2576.200,Month-to-month,1,Electronic check,35,Yes
TVXTA79053,0,0,0,F,64.350,Oui,No,ADSL,352.650,Month-to-month,1,Electronic check,5,No
MHRRS93758,0,0,0,H,50.050,Oui,No,ADSL,288.350,Month-to-month,0,Mailed check,6,No
IUTTT66252,0,0,0,H,65.550,Oui,No,ADSL,4361.550,Two year,0,Bank transfer (automatic),67,No
BFOCC20551,1,1,0,H,84.000,Oui,No,ADSL,5329.550,One year,1,Bank transfer (automatic),63,No
SHQEH83824,1,0,0,F,84.900,Oui,Yes,Fibre,764.950,Month-to-month,1,Electronic check,8,Yes
ACFOG71293,0,0,0,F,53.800,Oui,Yes,ADSL,283.950,Month-to-month,1,Electronic check,5,No
RJMEO37271,1,0,0,H,82.850,Oui,Yes,Fibre,460.250,Month-to-month,1,Electronic check,6,Yes
GCQFH50027,1,0,0,H,93.850,Oui,Yes,Fibre,4733.100,Month-to-month,1,Bank transfer (automatic),49,No
LYYYX16975,1,0,1,F,19.100,Oui,No,Non,1143.800,One year,0,Credit card (automatic),61,No
IOQDC47029,0,0,0,F,70.100,Oui,No,Fibre,70.100,Month-to-month,1,Electronic check,1,Yes
LTUGF84391,0,0,0,H,20.000,Oui,No,Non,198.600,Month-to-month,1,Credit card (automatic),10,No
BWFRT66502,1,0,0,F,117.150,Oui,Yes,Fibre,8529.500,Two year,1,Credit card (automatic),72,No
XOZPB72479,1,0,0,H,77.400,Oui,Yes,ADSL,4155.950,One year,0,Bank transfer (automatic),53,No
QSXOD58957,0,0,0,H,70.050,Oui,No,Fibre,657.500,Month-to-month,0,Mailed check,9,No
VBBBL28763,0,0,0,F,20.250,Oui,No,Non,20.250,Month-to-month,1,Mailed check,1,Yes
JHUEO33459,0,0,0,H,20.200,Oui,No,Non,55.700,Month-to-month,1,Electronic check,4,No
MQVYN89638,0,0,1,F,20.550,Oui,No,Non,469.850,Month-to-month,1,Electronic check,22,No
MVTAZ83971,1,0,0,H,100.050,Oui,Yes,Fibre,3480.000,Month-to-month,1,Electronic check,34,Yes
YYXWG84816,0,0,0,F,89.350,Oui,No,Fibre,461.700,Month-to-month,1,Electronic check,5,Yes
WJAWW41407,0,0,0,F,19.850,Oui,No,Non,108.050,Month-to-month,0,Credit card (automatic),5,Yes
JPTRR89589,1,0,0,F,24.300,Oui,Yes,Non,1261.700,One year,0,Electronic check,56,No
DBYSJ52712,0,1,0,H,79.150,Oui,No,Fibre,827.700,Month-to-month,1,Credit card (automatic),11,No
QVTAT58445,1,0,1,F,58.450,Oui,No,ADSL,1955.400,One year,1,Mailed check,33,No
QMXUN32593,1,0,0,H,86.100,Oui,Yes,ADSL,4890.500,Two year,1,Electronic check,58,No
ARGXZ86953,1,1,0,H,75.550,Oui,Yes,Fibre,2425.400,Month-to-month,1,Electronic check,34,No
XMDEX59828,0,0,0,F,26.500,Oui,Yes,Non,1698.550,Two year,0,Bank transfer (automatic),65,No
DXMRT37546,0,1,0,H,44.150,Oui,No,ADSL,92.650,Month-to-month,1,Electronic check,2,Yes
IGJOS73952,1,1,0,H,81.500,Oui,No,Fibre,1329.200,Month-to-month,0,Bank transfer (automatic),17,Yes
CNDSP51253,0,0,1,H,40.600,Non,No phone service,ADSL,2588.950,One year,1,Bank transfer (automatic),63,No
CKHON59773,1,0,1,F,92.550,Oui,Yes,Fibre,4039.000,Month-to-month,1,Bank transfer (automatic),43,No
ERCJH86702,0,0,0,H,113.400,Oui,Yes,Fibre,8164.100,Two year,0,Bank transfer (automatic),72,No
RSNTJ30777,1,0,1,F,19.700,Oui,No,Non,113.500,Month-to-month,0,Mailed check,6,No
BQTTI88961,0,0,0,H,25.000,Oui,Yes,Non,25.000,Month-to-month,1,Mailed check,1,No
ITVZJ68395,1,0,1,F,60.050,Oui,Yes,ADSL,1616.150,Month-to-month,1,Electronic check,26,Yes
LWVVH77653,1,0,1,F,95.100,Oui,Yes,Fibre,6843.150,Two year,1,Electronic check,72,No
FPDAC66642,0,1,0,F,111.950,Oui,Yes,Fibre,6418.900,One year,1,Electronic check,56,Yes
MMAZN42118,0,0,0,H,20.250,Oui,No,Non,20.250,Month-to-month,0,Mailed check,1,Yes
BZUWY03654,1,0,0,H,102.550,Oui,Yes,Fibre,1742.500,Month-to-month,1,Electronic check,17,No
PZXZQ35182,1,0,0,F,55.300,Oui,No,ADSL,55.300,Month-to-month,1,Mailed check,1,No
VBZTA36387,0,0,1,H,86.500,Oui,Yes,ADSL,5882.750,Two year,1,Bank transfer (automatic),68,No
IVGOK03081,0,0,0,F,40.400,Non,No phone service,ADSL,422.600,One year,1,Credit card (automatic),11,No
BEUTG78766,0,0,0,F,48.800,Oui,Yes,ADSL,720.100,Month-to-month,1,Mailed check,15,No
MHLHE16633,0,0,0,H,19.200,Oui,No,Non,19.200,Month-to-month,0,Mailed check,1,No
RTHKF51539,0,0,0,F,85.350,Oui,Yes,Fibre,2896.600,Month-to-month,0,Electronic check,34,No
PSBAW67346,1,0,0,H,23.550,Oui,Yes,Non,1723.950,Two year,1,Bank transfer (automatic),72,No
DHNKM90525,0,0,0,H,61.550,Oui,Yes,ADSL,1581.950,One year,0,Electronic check,26,No
BDNNC94943,1,0,0,H,95.300,Oui,Yes,Fibre,6273.400,One year,0,Electronic check,66,No
GIQKQ14718,0,0,0,F,49.950,Oui,No,ADSL,49.950,Month-to-month,0,Electronic check,1,No
NREXC97953,1,0,0,F,85.000,Oui,Yes,ADSL,5484.400,Two year,1,Credit card (automatic),64,No
TYBNO30433,0,0,0,H,60.650,Oui,No,ADSL,196.900,Month-to-month,0,Mailed check,3,No
ISQFQ33182,0,0,0,F,19.500,Oui,No,Non,413.000,Month-to-month,1,Bank transfer (automatic),20,No
CZMPC48009,1,0,1,F,103.250,Oui,Yes,Fibre,5037.550,One year,1,Credit card (automatic),48,Yes
FQPRV71001,1,0,1,H,71.900,Oui,Yes,ADSL,3173.350,One year,1,Credit card (automatic),43,No
WQRVY30829,1,1,0,H,19.650,Oui,No,Non,228.650,One year,0,Mailed check,14,No
OUPJN13993,1,0,1,F,19.750,Oui,No,Non,1272.050,Two year,0,Bank transfer (automatic),57,No
QIUNR83386,1,0,1,H,66.500,Oui,Yes,ADSL,4811.600,Two year,1,Credit card (automatic),72,No
TFPJU25096,1,0,0,H,25.750,Oui,Yes,Non,1864.200,Two year,0,Credit card (automatic),72,No
NKQBO65162,1,0,1,H,81.000,Oui,No,ADSL,3084.900,Two year,0,Credit card (automatic),38,No
UDFZR12263,0,0,0,F,49.600,Oui,No,ADSL,114.700,Month-to-month,1,Mailed check,2,Yes
LLAZX80982,0,1,0,F,95.450,Oui,Yes,Fibre,396.100,Month-to-month,1,Electronic check,4,Yes
UPDGF86636,0,0,0,F,69.500,Oui,Yes,ADSL,1800.050,Month-to-month,1,Bank transfer (automatic),26,No
WUKSB95728,1,0,0,H,29.900,Non,No phone service,ADSL,92.250,Month-to-month,1,Electronic check,3,No
FJZDG61001,1,0,1,H,20.050,Oui,No,Non,505.900,One year,1,Bank transfer (automatic),26,No
JBPSG36354,0,0,0,F,38.800,Non,No phone service,ADSL,603.000,Two year,1,Mailed check,15,No
YIFGE19568,1,0,1,H,100.050,Oui,No,Fibre,2090.250,One year,1,Mailed check,22,No
BPXHY79969,1,0,1,F,25.000,Oui,Yes,Non,332.500,Two year,1,Bank transfer (automatic),13,No
DWLJU22359,0,1,0,F,44.400,Non,No phone service,ADSL,263.050,Month-to-month,1,Electronic check,6,No
GRDWQ88833,0,1,0,H,54.000,Oui,No,ADSL,1055.900,One year,0,Mailed check,20,No
ZQJZX07841,0,0,1,H,19.900,Oui,No,Non,1529.650,Two year,0,Credit card (automatic),72,No
ZNFSJ55529,0,0,0,H,45.300,Oui,No,ADSL,45.300,Month-to-month,0,Electronic check,1,Yes
XWSZG81919,0,0,0,F,20.650,Oui,No,Non,1022.950,One year,0,Mailed check,52,No
AOIQT31485,1,0,0,F,24.950,Oui,Yes,Non,1718.350,Two year,1,Credit card (automatic),69,No
CQJTA54587,1,0,1,H,74.800,Oui,No,ADSL,4820.150,Two year,1,Bank transfer (automatic),65,Yes
ZVJJX20723,1,0,0,H,25.250,Oui,Yes,Non,1728.200,Two year,0,Bank transfer (automatic),68,No
NVXLZ31968,0,0,0,F,84.600,Oui,Yes,Fibre,2088.050,Month-to-month,1,Mailed check,25,No
CCBKV70055,0,0,0,H,84.400,Oui,No,Fibre,556.350,Month-to-month,1,Electronic check,6,Yes
SSBJK73593,0,1,0,F,70.200,Oui,No,ADSL,4481.000,Two year,1,Credit card (automatic),64,Yes
ISUZQ37993,1,0,1,H,69.950,Oui,No,Fibre,529.500,Month-to-month,1,Bank transfer (automatic),7,Yes
YLPRD56515,1,0,1,F,86.100,Oui,No,Fibre,2723.750,Month-to-month,1,Electronic check,32,No
UKLWI60007,0,0,0,H,20.150,Oui,No,Non,802.350,Two year,0,Mailed check,41,No
ADRLB44327,0,0,0,H,44.650,Oui,No,ADSL,74.900,Month-to-month,0,Mailed check,2,Yes
JFCMK67787,0,0,0,H,50.600,Non,No phone service,ADSL,1288.750,One year,1,Mailed check,24,No
IAHLS22204,0,0,0,F,19.400,Oui,No,Non,19.400,Month-to-month,0,Credit card (automatic),1,No
IJEJK70296,0,0,0,F,44.100,Non,No phone service,ADSL,2369.700,One year,0,Bank transfer (automatic),54,No
ATFAS80332,1,0,1,F,59.850,Oui,No,ADSL,2341.500,Month-to-month,1,Mailed check,39,No
ZVRHG99213,0,0,0,F,80.450,Oui,Yes,Fibre,1072.000,Month-to-month,1,Electronic check,14,Yes
SFMUH37019,1,0,1,H,69.700,Oui,No,ADSL,516.150,Month-to-month,0,Credit card (automatic),7,No
ZQPXH09434,1,0,1,H,92.950,Oui,No,Fibre,4122.900,Month-to-month,1,Bank transfer (automatic),44,No
QPZPO49375,1,0,1,H,99.900,Oui,Yes,Fibre,6241.350,One year,1,Electronic check,61,No
WWYJV73592,1,0,0,H,114.450,Oui,Yes,Fibre,8375.050,Two year,0,Credit card (automatic),72,No
WQDSG35241,1,0,1,F,99.300,Oui,Yes,Fibre,4209.950,Month-to-month,1,Bank transfer (automatic),43,No
MPKCA20007,0,0,0,F,107.750,Oui,Yes,Fibre,6332.750,One year,1,Electronic check,58,No
DIOQZ18669,1,0,0,F,66.800,Non,No phone service,ADSL,4689.150,One year,0,Bank transfer (automatic),71,No
SOYZL53823,0,0,0,H,95.100,Oui,Yes,Fibre,2162.600,Month-to-month,1,Electronic check,22,No
UXTJO06661,1,1,0,H,85.200,Oui,No,Fibre,2874.450,Month-to-month,1,Credit card (automatic),34,No
QPEFS76933,0,1,0,H,72.950,Oui,Yes,Fibre,3829.750,Month-to-month,1,Bank transfer (automatic),52,No
WHMYA62114,0,1,0,F,43.850,Non,No phone service,ADSL,2751.000,Month-to-month,1,Electronic check,64,No
FDLAY07236,0,0,0,H,85.250,Oui,Yes,ADSL,3704.150,One year,1,Bank transfer (automatic),44,No
JQGJG36408,1,0,1,H,44.800,Oui,No,ADSL,559.200,Month-to-month,0,Bank transfer (automatic),13,No
CORPM79792,0,0,0,H,90.550,Oui,Yes,Fibre,2282.550,Month-to-month,1,Credit card (automatic),24,Yes
GEADV43934,1,0,1,H,114.750,Oui,Yes,Fibre,7842.300,Two year,0,Credit card (automatic),70,No
BSUXY62301,0,1,0,F,85.000,Oui,No,Fibre,85.000,Month-to-month,1,Electronic check,1,Yes
YJTPY06407,1,0,1,H,21.000,Oui,No,Non,1493.750,Two year,0,Bank transfer (automatic),72,No
XCQRH76258,0,0,0,F,76.500,Oui,Yes,Fibre,837.950,Month-to-month,1,Electronic check,11,Yes
HPSBG16998,0,0,0,H,59.800,Oui,No,ADSL,727.800,One year,1,Electronic check,12,Yes
CUOCY12918,1,0,0,H,110.600,Oui,Yes,Fibre,7962.200,Two year,1,Credit card (automatic),72,No
FECYN72345,0,1,0,F,101.350,Oui,Yes,Fibre,780.500,Month-to-month,0,Electronic check,8,Yes
OXYBR67192,0,0,0,H,85.300,Oui,No,Fibre,1219.850,Month-to-month,0,Electronic check,15,No
VONJD89926,0,0,1,F,56.000,Oui,No,ADSL,764.550,Month-to-month,1,Electronic check,13,No
CZQZZ91405,1,0,0,F,79.600,Oui,No,ADSL,5515.800,Two year,1,Bank transfer (automatic),68,No
CAKJW71294,0,0,0,F,80.050,Oui,Yes,Fibre,1345.650,Month-to-month,0,Bank transfer (automatic),17,No
CQXOL32613,1,0,1,F,25.450,Oui,Yes,Non,1813.350,Two year,0,Bank transfer (automatic),71,No
RTHJQ34533,0,0,0,H,69.100,Oui,No,Fibre,435.000,Month-to-month,1,Electronic check,6,No
RXAYP81737,1,0,1,F,19.700,Oui,No,Non,452.550,Two year,0,Mailed check,24,No
HUYVI26729,0,0,0,F,91.100,Oui,No,Fibre,455.300,Month-to-month,1,Electronic check,6,Yes
TXUEX47427,1,0,1,F,19.300,Oui,No,Non,890.500,Two year,0,Bank transfer (automatic),47,No
OJKQU47496,0,0,0,F,75.650,Oui,Yes,Fibre,302.350,Month-to-month,1,Electronic check,4,No
LECYP78529,1,1,0,H,93.800,Oui,Yes,Fibre,1261.000,Month-to-month,0,Credit card (automatic),13,No
NBPZG23259,0,0,0,F,74.550,Oui,No,Fibre,233.650,Month-to-month,1,Electronic check,3,No
MDLZW68986,0,0,0,H,53.750,Oui,No,ADSL,648.650,Month-to-month,1,Mailed check,12,No
GKVZY70495,0,0,0,F,79.850,Oui,No,ADSL,1387.350,One year,0,Credit card (automatic),17,No
DDOOR62967,0,0,0,F,58.200,Oui,No,ADSL,1045.250,One year,0,Electronic check,19,No
KXOCR32128,0,0,0,H,21.000,Oui,No,Non,1107.200,Two year,0,Bank transfer (automatic),52,No
UUBNU68978,0,0,0,H,89.650,Oui,No,Fibre,2623.650,Month-to-month,0,Mailed check,29,No
UKJWL40614,0,0,0,H,45.450,Oui,No,ADSL,141.700,Month-to-month,0,Mailed check,3,No
VYYWG78902,1,1,0,H,36.450,Non,No phone service,ADSL,93.700,Month-to-month,1,Mailed check,3,Yes
ZISZV32824,0,0,1,H,83.700,Oui,Yes,ADSL,2633.300,One year,0,Credit card (automatic),32,No
SQEIZ52751,0,0,0,H,80.850,Oui,No,Fibre,80.850,Month-to-month,1,Mailed check,1,Yes
YLDSU40886,1,0,0,H,104.150,Oui,Yes,Fibre,5743.050,One year,1,Electronic check,55,Yes
AAPKX32111,0,0,0,H,98.550,Oui,Yes,Fibre,2031.950,Month-to-month,1,Mailed check,20,No
PAOYU46329,1,0,1,H,19.950,Oui,No,Non,433.500,One year,0,Mailed check,22,No
WEIJX74261,1,1,1,H,80.950,Oui,Yes,Fibre,4859.100,Month-to-month,1,Electronic check,60,No
HHAPI05044,0,1,0,F,88.300,Oui,Yes,Fibre,2467.750,Month-to-month,0,Credit card (automatic),27,Yes
OWWYO42746,0,0,0,H,74.350,Oui,No,Fibre,74.350,Month-to-month,1,Electronic check,1,Yes
TVIUK17317,0,0,0,F,93.500,Oui,Yes,Fibre,362.200,Month-to-month,1,Electronic check,4,Yes
WHYHV85938,0,0,0,H,85.300,Oui,Yes,Fibre,264.800,Month-to-month,1,Electronic check,3,Yes
OWBPG76361,0,1,0,H,29.350,Non,No phone service,ADSL,381.200,Month-to-month,1,Credit card (automatic),12,No
MQSSU15859,0,0,0,H,51.500,Oui,No,ADSL,900.500,Month-to-month,0,Mailed check,17,Yes
CLAMM70338,1,0,1,F,20.200,Oui,No,Non,1027.250,Two year,0,Bank transfer (automatic),48,No
KFNHS61789,0,0,1,F,78.300,Oui,Yes,Fibre,909.250,Month-to-month,1,Electronic check,12,Yes
ITGYJ82922,1,0,1,F,24.650,Oui,Yes,Non,1138.800,Two year,1,Bank transfer (automatic),45,No
VHDTA95378,0,0,1,F,51.200,Oui,No,ADSL,51.200,Month-to-month,0,Mailed check,1,No
BZLNZ92253,1,0,0,H,85.250,Oui,Yes,ADSL,6083.100,Two year,1,Electronic check,72,No
QDCKA72729,0,0,0,H,100.200,Oui,Yes,Fibre,2688.450,One year,0,Electronic check,28,No
NAXED41383,0,0,0,H,81.000,Oui,Yes,Fibre,4085.750,Month-to-month,0,Bank transfer (automatic),51,No
RZFON14539,0,0,1,F,49.900,Oui,No,ADSL,49.900,Month-to-month,0,Mailed check,1,No
AOROI87929,1,0,0,F,65.500,Oui,No,ADSL,564.350,Two year,0,Mailed check,8,No
FIMPT50566,0,0,1,F,106.000,Oui,No,Fibre,4532.300,One year,1,Credit card (automatic),43,No
ZDXHY55724,0,0,0,F,84.300,Oui,No,Fibre,1855.650,Month-to-month,1,Mailed check,22,Yes
ZMVBF70102,1,0,1,F,20.450,Oui,No,Non,357.000,Month-to-month,0,Mailed check,18,No
XIRTR79947,0,1,0,H,65.250,Oui,No,ADSL,3529.950,One year,0,Bank transfer (automatic),54,No
EXCET52281,0,0,0,H,80.850,Oui,No,Fibre,1008.700,Month-to-month,1,Electronic check,13,Yes
SASML11701,1,0,0,F,85.400,Oui,Yes,Fibre,5869.400,Month-to-month,1,Bank transfer (automatic),69,No
CBKXO81657,1,0,1,H,56.750,Non,No phone service,ADSL,3708.400,Two year,1,Credit card (automatic),66,No
WLYRI94518,1,0,0,F,19.050,Oui,No,Non,990.450,One year,0,Credit card (automatic),53,No
ZVJDC90392,0,0,0,H,19.100,Oui,No,Non,53.050,Month-to-month,1,Mailed check,3,No
HKFIR51489,0,0,0,F,19.700,Oui,No,Non,406.950,Two year,0,Mailed check,20,No
NKNFC93182,0,0,0,H,18.850,Oui,No,Non,18.850,Month-to-month,1,Mailed check,1,Yes
PXHFC79315,0,0,0,H,62.300,Oui,No,ADSL,2354.800,One year,1,Mailed check,38,Yes
JLWZM61316,0,0,0,F,20.300,Oui,No,Non,275.400,Month-to-month,1,Mailed check,13,No
ZDFXI75296,1,1,0,H,89.850,Oui,Yes,Fibre,4925.350,Month-to-month,1,Electronic check,57,No
PCEYD71671,0,0,0,H,19.800,Oui,No,Non,1311.300,Two year,1,Mailed check,67,No
DQQVB16297,0,0,0,F,50.100,Oui,No,ADSL,709.500,Month-to-month,0,Bank transfer (automatic),14,No
VEXDG79641,0,0,1,H,80.350,Oui,Yes,Fibre,1747.200,Month-to-month,0,Electronic check,21,No
ZGEDR66152,0,0,0,H,19.700,Oui,No,Non,19.700,Month-to-month,0,Mailed check,1,Yes
KVRBJ44587,0,0,0,H,25.000,Oui,Yes,Non,1510.500,Two year,0,Mailed check,59,No
NAXZN96005,0,0,0,H,101.400,Oui,Yes,Fibre,4528.000,Month-to-month,1,Electronic check,43,Yes
TAFJD74928,1,0,1,H,38.550,Non,No phone service,ADSL,280.000,Two year,0,Mailed check,7,No
RLLXC30506,1,0,1,F,81.250,Oui,Yes,ADSL,4620.400,Two year,0,Credit card (automatic),56,No
DCXLH05504,0,0,0,H,73.350,Oui,No,ADSL,931.550,Month-to-month,0,Mailed check,13,No
UMKOW51569,0,0,1,F,29.650,Non,No phone service,ADSL,90.050,Month-to-month,0,Mailed check,3,No
RMTLL45268,1,0,1,H,76.150,Oui,Yes,ADSL,645.800,Two year,1,Credit card (automatic),8,No
MWVIX99855,0,0,0,F,70.150,Oui,No,Fibre,70.150,Month-to-month,1,Mailed check,1,Yes
CMAZQ58828,1,0,1,F,34.250,Non,No phone service,ADSL,163.550,Month-to-month,0,Electronic check,5,No
FAXFM48303,0,0,1,H,24.100,Oui,Yes,Non,439.200,Month-to-month,1,Credit card (automatic),19,No
LVYGI44727,1,0,1,F,52.550,Non,No phone service,ADSL,,Two year,1,Bank transfer (automatic),0,No
WSSUE31734,1,0,1,F,19.700,Oui,No,Non,1415.850,Two year,0,Credit card (automatic),71,No
YMXVQ75111,0,0,0,H,45.400,Non,No phone service,ADSL,418.800,Month-to-month,1,Electronic check,9,Yes
DDZOS97479,0,0,0,F,73.500,Oui,No,Fibre,73.500,Month-to-month,0,Bank transfer (automatic),1,Yes
ZVNET38967,1,0,1,F,24.700,Oui,Yes,Non,571.750,Two year,0,Mailed check,24,No
BJYDQ68378,0,0,0,H,19.600,Oui,No,Non,61.350,One year,0,Mailed check,3,No
GDWGV98015,0,0,0,F,103.450,Oui,Yes,Fibre,3994.450,Month-to-month,1,Electronic check,39,Yes
JSYOA77107,1,0,1,F,93.300,Oui,Yes,Fibre,6398.050,Two year,1,Bank transfer (automatic),69,No
QHFBK98289,0,0,0,H,51.150,Oui,No,ADSL,1275.700,Month-to-month,1,Electronic check,24,No
ULGFR40792,0,0,0,H,20.000,Oui,No,Non,275.700,Month-to-month,0,Mailed check,16,No
JMYIO58042,1,0,1,F,19.750,Oui,No,Non,757.950,Two year,0,Mailed check,39,No
JVGAD20851,1,0,0,H,20.350,Oui,No,Non,697.650,Month-to-month,0,Bank transfer (automatic),37,No
NDTOU53779,1,0,1,F,91.050,Oui,Yes,ADSL,6293.750,Two year,0,Mailed check,71,No
NVRIC70165,1,1,0,H,90.100,Oui,No,Fibre,2656.700,One year,0,Bank transfer (automatic),29,No
HMARX16424,1,0,0,F,91.700,Oui,Yes,ADSL,6424.700,Two year,1,Electronic check,68,No
IWXYM58111,1,0,1,F,101.250,Oui,Yes,Fibre,5301.100,One year,0,Bank transfer (automatic),52,No
EZJZE04117,0,0,0,F,60.250,Oui,Yes,ADSL,170.500,Month-to-month,1,Electronic check,3,No
KSATR67725,0,0,0,H,81.700,Oui,Yes,Fibre,81.700,Month-to-month,1,Electronic check,1,Yes
DMRVL82071,1,0,1,H,114.550,Oui,Yes,Fibre,8306.050,Two year,0,Bank transfer (automatic),72,No
WZWJM32234,0,0,0,H,83.950,Oui,Yes,Fibre,2254.200,Month-to-month,1,Electronic check,26,Yes
JJPQT63572,0,0,0,F,80.500,Oui,No,Fibre,232.350,Month-to-month,1,Electronic check,3,No
VPPET27924,0,0,0,H,20.500,Oui,No,Non,76.950,Month-to-month,1,Electronic check,3,No
YBYNP61684,0,0,0,H,111.350,Oui,Yes,Fibre,6519.750,Month-to-month,1,Electronic check,59,No
UDZFY80595,0,1,1,F,105.350,Oui,Yes,Fibre,3465.050,Month-to-month,1,Bank transfer (automatic),33,No
PAPRP08694,1,1,0,F,85.700,Oui,No,Fibre,2067.000,Month-to-month,1,Credit card (automatic),26,No
OXZSY14823,0,0,0,H,100.400,Oui,Yes,Fibre,2936.250,Month-to-month,1,Bank transfer (automatic),30,No
WLYXL51757,0,0,0,H,78.850,Oui,Yes,Fibre,1600.250,Month-to-month,1,Mailed check,22,No
JMTTN94892,1,0,1,F,89.750,Oui,Yes,ADSL,6595.900,Two year,0,Credit card (automatic),72,No
YFHQJ90273,0,0,0,H,25.050,Oui,Yes,Non,152.950,Month-to-month,1,Bank transfer (automatic),7,No
LTQRJ48271,1,1,1,F,110.600,Oui,Yes,Fibre,7210.850,One year,1,Credit card (automatic),66,No
DTIVD33634,1,0,1,H,105.550,Oui,Yes,Fibre,7405.500,Two year,0,Electronic check,71,No
XGZCY31998,0,0,0,F,75.250,Oui,Yes,Fibre,576.700,Month-to-month,1,Electronic check,8,No
OYIFC42986,1,0,0,H,103.450,Oui,Yes,Fibre,1539.800,Month-to-month,1,Electronic check,15,No
FGRHH69949,1,0,1,H,106.150,Oui,No,Fibre,7475.100,One year,1,Electronic check,70,No
JIBFC24048,1,0,1,F,85.100,Oui,Yes,ADSL,4657.950,Two year,1,Bank transfer (automatic),55,No
OWJKI10156,0,0,0,H,19.050,Oui,No,Non,19.050,Month-to-month,0,Mailed check,1,No
DRTRF72339,1,0,0,H,102.400,Oui,Yes,Fibre,6444.050,Month-to-month,1,Electronic check,63,No
YZGZM48608,0,0,0,H,20.000,Oui,No,Non,185.400,Month-to-month,0,Electronic check,10,No
CIDCF48541,0,1,0,F,73.850,Oui,No,Fibre,196.400,Month-to-month,0,Electronic check,3,No
HSMMZ95076,0,0,0,H,20.000,Oui,No,Non,1149.650,Two year,0,Mailed check,54,No
GZDEL51156,0,0,1,H,67.200,Non,No phone service,ADSL,4671.700,Two year,0,Credit card (automatic),72,No
HIVAK55391,1,1,0,F,25.700,Oui,Yes,Non,734.600,Month-to-month,0,Mailed check,28,No
SREEC49571,1,0,1,H,20.350,Oui,No,Non,1458.100,Two year,0,Credit card (automatic),70,No
BQEZT23382,0,0,0,F,50.550,Oui,No,ADSL,2832.750,Month-to-month,1,Credit card (automatic),55,No
PKLCZ76959,0,0,0,F,20.500,Oui,No,Non,1424.900,Two year,0,Credit card (automatic),68,No
NVTLU44753,1,0,1,H,19.200,Oui,No,Non,903.700,Two year,0,Electronic check,45,No
LMWTJ87782,0,0,0,F,74.850,Oui,No,Fibre,708.200,Month-to-month,1,Electronic check,9,No
WGMRW92988,1,0,0,F,115.500,Oui,Yes,Fibre,8312.750,Two year,1,Bank transfer (automatic),72,No
JFBHQ99741,0,0,1,H,99.150,Oui,No,Fibre,6171.200,Month-to-month,1,Credit card (automatic),64,No
HRBLJ71011,1,0,1,F,83.700,Oui,No,ADSL,6096.900,Two year,1,Bank transfer (automatic),72,No
HYCIN99785,1,1,1,H,84.950,Oui,No,Fibre,4018.050,One year,1,Bank transfer (automatic),47,No
LSPLO47459,0,0,0,H,20.500,Oui,No,Non,20.500,Month-to-month,0,Mailed check,1,Yes
RQOST10383,1,0,1,H,20.600,Oui,No,Non,414.950,Month-to-month,0,Mailed check,19,No
AUDBS31442,1,0,0,F,49.150,Oui,No,ADSL,270.800,Month-to-month,1,Electronic check,6,Yes
OJCEK13713,0,0,0,F,24.350,Oui,Yes,Non,1133.700,One year,0,Bank transfer (automatic),48,No
YPRGL85666,0,0,0,F,19.500,Oui,No,Non,19.500,Month-to-month,1,Mailed check,1,No
UXCRM78605,1,0,1,H,74.500,Oui,No,ADSL,4674.550,Two year,0,Credit card (automatic),63,No
PYKOF79933,1,0,0,H,75.000,Oui,No,Fibre,632.950,Month-to-month,0,Electronic check,8,Yes
AALSR66169,1,0,1,F,104.300,Oui,Yes,Fibre,6725.300,Two year,1,Credit card (automatic),65,No
VCWBI49554,1,0,1,F,20.000,Oui,No,Non,817.950,One year,0,Mailed check,43,No
SAHUZ95556,1,0,1,F,54.500,Oui,No,ADSL,2076.050,Month-to-month,0,Electronic check,38,No
EOHDH16121,0,0,0,F,45.150,Oui,No,ADSL,45.150,Month-to-month,0,Electronic check,1,Yes
RMCXH17559,1,0,1,H,20.300,Oui,No,Non,40.250,Month-to-month,0,Mailed check,2,No
MJHIC29594,1,0,0,H,80.350,Oui,No,Fibre,307.400,Month-to-month,1,Electronic check,4,Yes
IFMYD01369,1,1,0,H,109.950,Oui,Yes,Fibre,7634.250,Two year,1,Electronic check,69,No
MMQTO93981,0,0,0,H,74.450,Oui,No,Fibre,221.100,Month-to-month,0,Credit card (automatic),3,No
HOEDG87079,1,0,1,F,110.200,Oui,Yes,Fibre,7689.800,Two year,1,Electronic check,70,No
SOORI23913,0,0,1,H,49.350,Oui,No,ADSL,219.650,Month-to-month,0,Electronic check,4,Yes
FWEYA70472,1,0,0,F,103.150,Oui,Yes,Fibre,4594.650,One year,1,Electronic check,46,No
ESMYF76159,1,0,0,F,44.600,Non,No phone service,ADSL,97.100,Month-to-month,0,Electronic check,2,Yes
FLVCG95656,1,0,1,H,69.550,Oui,Yes,ADSL,4459.150,Two year,1,Mailed check,65,No
BIXDE04804,1,0,0,F,96.800,Oui,No,Fibre,1743.050,Month-to-month,1,Electronic check,19,No
OBVDG89929,0,0,0,H,61.650,Oui,No,ADSL,1393.600,Month-to-month,0,Mailed check,21,No
RZCBJ63392,0,0,0,H,78.900,Oui,No,ADSL,3771.500,Two year,0,Credit card (automatic),48,No
UXAFY17923,0,1,0,F,89.150,Oui,No,Fibre,1496.900,Month-to-month,1,Electronic check,17,Yes
ZZRBQ61398,0,1,0,H,20.050,Oui,No,Non,1198.050,Two year,1,Bank transfer (automatic),64,No
KVCNC96443,0,0,0,F,92.150,Oui,Yes,Fibre,6056.900,One year,1,Bank transfer (automatic),66,No
KGETH14925,1,0,1,H,78.350,Oui,Yes,ADSL,5445.950,One year,0,Bank transfer (automatic),70,No
YJZZE33474,1,0,1,H,80.100,Oui,Yes,ADSL,2211.800,Month-to-month,0,Credit card (automatic),29,No
ONULR62602,0,0,0,H,62.800,Oui,No,ADSL,62.800,Month-to-month,1,Mailed check,1,No
FEGLU50931,1,0,0,F,19.650,Oui,No,Non,921.550,Two year,0,Bank transfer (automatic),47,No
BOGQE68926,1,0,0,F,20.900,Oui,No,Non,1493.200,Two year,1,Bank transfer (automatic),71,No
BUNFV48789,1,0,1,H,20.700,Oui,No,Non,828.850,Two year,0,Mailed check,42,No
OAMXR02012,0,0,0,F,115.550,Oui,Yes,Fibre,8127.600,One year,0,Credit card (automatic),70,Yes
NKVVH22088,1,0,1,H,24.250,Oui,Yes,Non,1077.950,Two year,0,Mailed check,43,No
ULYRW63456,1,1,0,H,88.400,Oui,Yes,Fibre,3912.900,One year,0,Mailed check,44,Yes
LYASK22127,1,0,1,H,45.850,Non,No phone service,ADSL,1246.400,One year,1,Credit card (automatic),27,No
OJSXI77743,0,0,0,H,103.450,Oui,Yes,Fibre,3066.450,One year,1,Electronic check,31,Yes
IUOKK50631,0,0,0,H,19.750,Oui,No,Non,265.750,Two year,0,Mailed check,13,No
JITSM91729,1,0,1,F,90.800,Oui,No,Fibre,2361.800,Month-to-month,1,Electronic check,26,Yes
XYIRR53645,1,0,0,H,94.650,Oui,Yes,Fibre,4812.750,Month-to-month,1,Electronic check,51,Yes
ZGUZJ75039,0,0,0,H,84.650,Oui,Yes,Fibre,84.650,Month-to-month,1,Mailed check,1,Yes
MFYNG63946,0,0,0,F,107.400,Oui,Yes,Fibre,5121.300,Month-to-month,1,Bank transfer (automatic),48,Yes
PKTRR64391,1,0,1,F,80.700,Oui,Yes,ADSL,5617.950,Two year,0,Electronic check,70,No
ZHOHY32431,0,0,0,F,20.100,Oui,No,Non,296.150,One year,0,Mailed check,16,No
QHJNM41994,1,1,0,H,102.900,Oui,Yes,Fibre,6989.700,Two year,0,Bank transfer (automatic),67,No
NXQZR76228,0,0,0,H,30.100,Non,No phone service,ADSL,810.850,Month-to-month,1,Credit card (automatic),28,No
HXHCE39768,0,0,0,H,19.300,Oui,No,Non,1414.800,Two year,0,Bank transfer (automatic),72,No
XXAYG70893,1,0,0,H,38.100,Non,No phone service,ADSL,970.400,One year,1,Credit card (automatic),25,No
RZLNV81072,1,0,0,H,106.300,Oui,Yes,Fibre,7565.350,Two year,1,Bank transfer (automatic),72,No
NMNQJ11436,0,0,0,F,85.700,Oui,Yes,Fibre,169.800,Month-to-month,1,Electronic check,2,Yes
FVFWF08804,0,0,0,H,86.400,Oui,Yes,Fibre,4922.400,Month-to-month,1,Electronic check,56,No
WBGRP95003,0,0,0,H,19.100,Oui,No,Non,1268.850,Two year,1,Mailed check,69,No
YZADT30304,0,0,0,H,44.950,Oui,No,ADSL,431.000,Month-to-month,0,Mailed check,9,Yes
TAIRZ24023,0,0,0,F,80.050,Oui,No,Fibre,3019.100,One year,0,Electronic check,37,No
YONDK03949,1,0,1,H,25.150,Oui,Yes,Non,1790.150,Two year,0,Credit card (automatic),70,No
KJCRD28327,0,0,0,F,103.650,Oui,Yes,Fibre,3988.500,Month-to-month,1,Electronic check,38,No
YMCJC03762,0,0,0,H,90.600,Oui,Yes,Fibre,1943.200,Month-to-month,1,Electronic check,23,Yes
FOYWN12693,1,0,1,H,20.000,Oui,No,Non,860.850,One year,0,Bank transfer (automatic),44,No
FDJFU37175,0,0,1,H,20.450,Oui,No,Non,106.900,Two year,0,Mailed check,5,No
ENTOF10606,1,1,0,F,105.400,Oui,Yes,Fibre,7035.600,One year,1,Credit card (automatic),67,No
BSEUN12934,1,0,1,F,20.700,Oui,No,Non,1482.300,Two year,1,Mailed check,72,No
RGMZT99792,0,0,0,F,94.050,Oui,No,Fibre,633.450,One year,1,Mailed check,7,No
TWMYB69506,1,0,1,H,79.950,Oui,No,Fibre,4362.050,Two year,1,Bank transfer (automatic),54,No
MOGPM04401,0,0,0,F,80.550,Oui,Yes,ADSL,3263.900,One year,1,Electronic check,41,No
WKXMW20274,1,0,0,F,108.750,Oui,Yes,Fibre,6871.700,Month-to-month,1,Electronic check,63,No
TRPLW47591,0,0,0,H,70.400,Oui,No,Fibre,70.400,Month-to-month,0,Electronic check,1,Yes
LIANB61039,1,0,1,H,99.500,Oui,Yes,Fibre,5861.750,Two year,1,Credit card (automatic),59,No
SBUIH50138,0,0,0,F,109.650,Oui,Yes,Fibre,5551.150,Two year,1,Electronic check,50,Yes
HKVVB99442,0,0,0,F,95.100,Oui,No,Fibre,307.400,Month-to-month,1,Electronic check,3,Yes
BKJKN22779,1,1,0,F,99.200,Oui,No,Fibre,7213.750,Two year,1,Electronic check,71,No
XNZFN07806,0,0,0,H,20.650,Oui,No,Non,1125.600,Two year,0,Bank transfer (automatic),57,No
EZLOU80108,0,1,0,H,80.200,Oui,Yes,Fibre,1217.250,Month-to-month,1,Electronic check,15,Yes
SNFUS63488,1,0,1,H,55.450,Non,No phone service,ADSL,4179.200,Two year,1,Credit card (automatic),72,No
JTVOV37141,1,1,0,F,74.150,Oui,No,Fibre,3229.400,Month-to-month,1,Credit card (automatic),42,Yes
OTUKY19372,1,0,0,F,98.200,Oui,Yes,Fibre,7015.900,Two year,1,Bank transfer (automatic),72,No
OEGQZ86063,0,0,1,F,25.300,Oui,Yes,Non,454.650,Two year,0,Credit card (automatic),18,No
HHLMR39574,1,0,1,F,65.200,Oui,Yes,ADSL,4543.150,One year,0,Bank transfer (automatic),70,No
BJUMM84361,1,0,1,H,83.750,Oui,Yes,Fibre,2070.600,Month-to-month,1,Electronic check,26,Yes
BWSYE10802,1,1,0,H,25.650,Oui,Yes,Non,1740.800,Two year,0,Credit card (automatic),64,No
YNWVR52711,1,0,1,H,113.150,Oui,Yes,Fibre,7856.000,Two year,1,Electronic check,68,Yes
GKYPY17547,1,1,0,H,89.750,Oui,No,Fibre,1938.900,Month-to-month,1,Bank transfer (automatic),22,No
EIDHV32625,1,0,1,F,84.700,Oui,Yes,ADSL,5893.900,Two year,0,Credit card (automatic),72,No
FNFZQ30702,1,0,1,F,20.400,Oui,No,Non,478.750,Two year,0,Bank transfer (automatic),23,No
NSVDG27707,1,0,0,H,29.100,Non,No phone service,ADSL,688.000,Month-to-month,0,Electronic check,24,No
KYLGQ11103,0,0,0,F,108.250,Oui,Yes,Fibre,6780.100,Month-to-month,0,Credit card (automatic),63,No
HKSOW82651,1,0,1,F,107.450,Oui,Yes,Fibre,7658.300,Two year,0,Credit card (automatic),72,No
BKYAV31383,0,0,0,H,85.350,Oui,No,Fibre,489.450,Month-to-month,1,Electronic check,6,Yes
YZEJW93912,0,0,0,F,94.000,Oui,Yes,Fibre,5757.200,One year,1,Bank transfer (automatic),62,No
VOPLL19916,0,0,0,F,19.050,Oui,No,Non,157.650,Month-to-month,0,Mailed check,9,No
KGRMX54064,0,0,0,F,24.550,Oui,Yes,Non,1719.150,Two year,0,Electronic check,71,No
ROART49294,0,0,0,H,56.250,Oui,Yes,ADSL,969.850,Month-to-month,0,Mailed check,18,No
YRJZP68602,0,1,0,H,74.050,Oui,Yes,Fibre,678.450,Month-to-month,1,Electronic check,9,No
ANTDP23029,1,1,0,F,117.450,Oui,Yes,Fibre,5438.900,Month-to-month,0,Electronic check,48,Yes
VNVAP27298,1,0,1,F,19.800,Oui,No,Non,641.350,Two year,0,Credit card (automatic),33,No
HGFWY93239,1,0,0,F,101.900,Oui,No,Fibre,2681.150,One year,1,Credit card (automatic),27,No
PSIHR72082,1,0,0,F,104.300,Oui,Yes,Fibre,7188.500,Two year,1,Bank transfer (automatic),70,No
OVWQW55054,0,0,0,F,20.150,Oui,No,Non,353.650,One year,0,Mailed check,17,No
CSSTH34133,0,0,0,H,55.700,Oui,Yes,ADSL,2237.550,Month-to-month,1,Bank transfer (automatic),41,No
UOCOJ00153,0,1,0,F,48.200,Oui,No,ADSL,340.350,Month-to-month,1,Electronic check,7,No
VVEJY59986,0,0,0,H,80.500,Oui,Yes,Fibre,2088.800,Month-to-month,1,Electronic check,26,Yes
UQGNP27097,0,0,0,H,51.650,Oui,No,ADSL,524.500,Month-to-month,1,Mailed check,10,No
WUOAH11391,0,0,0,H,53.350,Non,No phone service,ADSL,3090.050,Two year,0,Credit card (automatic),57,No
EQDGL82216,1,0,0,H,61.000,Oui,No,ADSL,2130.450,Month-to-month,0,Mailed check,35,No
MGXOG39567,0,0,0,F,80.600,Oui,No,Fibre,2244.950,Month-to-month,1,Electronic check,28,No
ECVII11629,1,1,0,H,109.750,Oui,Yes,Fibre,7932.500,Two year,1,Bank transfer (automatic),72,No
NRNAU97748,1,1,0,H,84.800,Oui,Yes,ADSL,2309.550,Month-to-month,1,Bank transfer (automatic),27,No
IMLMT75587,1,0,1,H,20.800,Oui,No,Non,1411.900,Two year,1,Mailed check,67,No
WBWIK99326,0,0,0,H,20.350,Oui,No,Non,215.250,Month-to-month,0,Mailed check,11,No
CILSZ86348,0,0,0,H,104.700,Oui,Yes,Fibre,7220.350,One year,1,Bank transfer (automatic),69,Yes
VESGY44727,1,0,1,F,98.150,Oui,Yes,Fibre,4993.400,Month-to-month,0,Bank transfer (automatic),52,No
FOAQW37783,1,0,0,F,20.150,Oui,No,Non,456.850,One year,0,Mailed check,24,No
TPHPZ32392,1,0,0,F,20.050,Oui,No,Non,264.550,Two year,1,Electronic check,12,No
VSJQO61423,1,0,1,F,44.350,Oui,No,ADSL,44.350,Month-to-month,1,Bank transfer (automatic),1,Yes
FUBDZ22668,1,0,1,H,19.350,Oui,No,Non,278.850,Two year,0,Mailed check,15,No
BQJOH56987,0,0,0,F,94.400,Oui,Yes,Fibre,857.250,Month-to-month,0,Electronic check,9,Yes
YEEHE45212,1,0,0,F,88.850,Oui,Yes,Fibre,1594.750,Month-to-month,1,Electronic check,18,No
MHXLW79968,0,0,0,F,25.150,Oui,Yes,Non,1683.600,Two year,1,Credit card (automatic),66,No
EOPEX03884,1,0,0,F,74.400,Oui,No,Fibre,139.400,Month-to-month,1,Electronic check,2,Yes
CMAWK56865,0,0,0,H,86.750,Oui,Yes,Fibre,1410.250,One year,0,Electronic check,17,No
ZCBHE19299,1,0,1,H,40.300,Non,No phone service,ADSL,1794.800,One year,0,Electronic check,47,No
TMEID80414,1,1,0,H,108.500,Oui,Yes,Fibre,6991.900,Two year,0,Credit card (automatic),63,No
IJDCM80731,0,0,0,F,20.300,Oui,No,Non,20.300,Month-to-month,1,Mailed check,1,Yes
TSBZE97697,0,0,1,F,66.000,Oui,Yes,ADSL,4891.500,Two year,0,Electronic check,70,No
GALIL91842,1,0,1,F,20.450,Oui,No,Non,781.250,Month-to-month,0,Mailed check,38,No
AGSIN41211,1,0,1,F,24.500,Oui,Yes,Non,1497.900,One year,1,Credit card (automatic),58,No
HLKEA79457,0,0,0,F,64.750,Oui,Yes,ADSL,4039.500,One year,0,Electronic check,60,No
IEBAU20881,0,0,0,F,88.150,Oui,Yes,ADSL,6148.450,Two year,1,Electronic check,68,No
DOGUM06572,1,0,0,F,60.600,Oui,Yes,ADSL,2985.250,One year,1,Bank transfer (automatic),48,No
UIYPG91379,1,0,1,F,106.900,Oui,No,Fibre,3756.450,Month-to-month,1,Electronic check,35,No
SIJJF76491,1,0,0,H,80.100,Oui,Yes,ADSL,5585.400,Two year,1,Mailed check,71,No
ETBRJ50953,1,0,0,F,56.800,Oui,No,ADSL,3112.050,Two year,0,Mailed check,55,No
QQUSO28009,0,0,0,H,100.300,Oui,Yes,Fibre,4222.950,Month-to-month,1,Electronic check,42,No
MWCZK58278,1,0,1,H,96.950,Oui,Yes,Fibre,5432.200,Month-to-month,1,Credit card (automatic),56,No
LPITE03842,0,0,0,H,62.050,Non,No phone service,ADSL,2511.550,One year,0,Credit card (automatic),40,No
WUXZU85653,1,1,0,H,84.800,Oui,No,Fibre,6141.650,Two year,1,Credit card (automatic),72,No
LAXOG77394,1,0,1,F,91.050,Oui,Yes,Fibre,2954.500,Month-to-month,1,Bank transfer (automatic),32,Yes
IYKUE38424,0,0,0,F,85.300,Oui,Yes,Fibre,2917.500,Month-to-month,0,Credit card (automatic),35,Yes
SDKOL03486,1,0,0,F,102.100,Oui,Yes,Fibre,5885.400,Month-to-month,1,Credit card (automatic),58,Yes
OZITF21928,0,0,0,F,73.550,Oui,Yes,ADSL,3349.100,Two year,0,Mailed check,45,No
MKZVY08672,1,0,0,F,82.400,Oui,Yes,Fibre,1592.350,Month-to-month,0,Electronic check,20,Yes
CCWMC49839,0,0,0,H,69.600,Oui,No,Fibre,207.400,Month-to-month,1,Mailed check,3,No
MCAKO63699,1,0,1,F,89.050,Oui,Yes,ADSL,6185.800,Two year,1,Bank transfer (automatic),68,No
VOWAV15189,0,0,0,F,74.650,Oui,No,ADSL,703.550,Month-to-month,1,Electronic check,9,Yes
WBBKL49488,0,1,0,F,74.900,Oui,Yes,Fibre,2659.450,Month-to-month,1,Bank transfer (automatic),36,No
TXQJH70413,0,0,0,F,40.200,Non,No phone service,ADSL,1478.850,Month-to-month,1,Credit card (automatic),37,No
WUPTB08129,1,1,0,H,70.850,Oui,No,Fibre,70.850,Month-to-month,0,Mailed check,1,Yes
PCKNB53762,1,0,1,H,104.450,Oui,Yes,Fibre,7459.000,One year,1,Credit card (automatic),72,No
OCGAB01375,0,0,0,F,80.200,Oui,Yes,Fibre,80.200,Month-to-month,1,Mailed check,1,Yes
WZICQ84003,1,0,1,F,55.700,Oui,No,ADSL,3131.800,Month-to-month,0,Electronic check,55,No
WJOYD34228,1,0,0,H,54.350,Oui,No,ADSL,1426.450,One year,0,Mailed check,28,No
TJXGK57624,0,0,0,F,58.750,Non,No phone service,ADSL,3038.550,Two year,1,Bank transfer (automatic),52,No
RQSBJ87202,0,1,0,H,44.000,Oui,No,ADSL,44.000,Month-to-month,0,Electronic check,1,No
XRWWI45221,1,0,0,H,80.450,Oui,Yes,ADSL,3375.900,One year,0,Credit card (automatic),42,No
RFGFI07019,1,0,1,F,95.400,Oui,Yes,Fibre,4613.950,Month-to-month,1,Bank transfer (automatic),49,No
DFRJA99098,0,0,0,F,95.850,Oui,No,Fibre,2475.350,One year,1,Bank transfer (automatic),26,No
VAWLI34515,1,0,1,F,19.700,Oui,No,Non,730.400,Two year,0,Credit card (automatic),35,No
BMNZE34136,0,1,0,H,45.250,Oui,No,ADSL,45.250,Month-to-month,0,Bank transfer (automatic),1,No
COGMW36578,0,1,0,F,108.100,Oui,Yes,Fibre,5839.300,Month-to-month,0,Credit card (automatic),52,No
RLPWL88235,1,0,0,F,110.650,Oui,Yes,Fibre,8065.650,Two year,1,Credit card (automatic),72,No
GAGIO88685,1,0,0,H,84.550,Oui,Yes,Fibre,3713.950,Month-to-month,1,Mailed check,45,No
QXEEQ98512,0,0,0,H,104.700,Oui,Yes,Fibre,4346.400,Month-to-month,1,Electronic check,41,Yes
YBPXG76096,0,0,0,H,87.100,Oui,Yes,ADSL,4735.200,Two year,0,Bank transfer (automatic),54,No
UCIIQ51801,1,1,1,H,40.050,Non,No phone service,ADSL,880.200,Month-to-month,0,Mailed check,22,Yes
DOWLE30844,1,0,0,F,92.000,Oui,Yes,ADSL,6474.400,Two year,0,Bank transfer (automatic),72,No
RKSZG81983,1,0,1,F,80.450,Oui,Yes,ADSL,1137.050,Month-to-month,0,Credit card (automatic),14,No
CUPFQ88579,1,0,0,H,19.250,Oui,No,Non,1237.650,Two year,0,Mailed check,63,No
GHEAE35464,0,0,0,H,19.450,Oui,No,Non,165.350,Two year,0,Mailed check,7,No
FHDBO66143,0,0,0,H,109.200,Oui,Yes,Fibre,7878.300,Two year,0,Bank transfer (automatic),72,No
GZWIY49586,1,0,1,H,48.700,Oui,No,ADSL,340.250,Month-to-month,0,Electronic check,7,Yes
VVHQL43733,0,0,0,H,44.750,Oui,No,ADSL,44.750,Month-to-month,1,Electronic check,1,No
SUYVZ58394,0,0,0,H,74.550,Oui,No,Fibre,1170.500,Month-to-month,1,Credit card (automatic),16,No
SFCQY94812,0,0,1,F,59.800,Oui,No,ADSL,824.850,Month-to-month,1,Credit card (automatic),14,No
DEQCP53767,0,0,0,F,70.600,Oui,No,Fibre,70.600,Month-to-month,1,Electronic check,1,Yes
OEQNH58724,0,0,0,F,44.450,Non,No phone service,ADSL,2773.900,One year,1,Electronic check,60,No
KIUTL74093,0,1,1,F,71.000,Oui,No,Fibre,71.000,Month-to-month,1,Electronic check,1,Yes
ORAEL77796,1,1,0,H,75.150,Oui,Yes,ADSL,3480.350,Two year,0,Credit card (automatic),45,No
HJGAR08878,0,0,0,H,45.700,Oui,No,ADSL,45.700,Month-to-month,1,Mailed check,1,Yes
CERTZ38867,1,0,0,F,109.250,Oui,Yes,Fibre,8109.800,One year,1,Electronic check,72,Yes
LNKRC08955,1,0,1,H,19.450,Oui,No,Non,113.500,One year,0,Mailed check,6,No
TVMGM55012,0,0,0,H,55.250,Oui,No,ADSL,55.250,Month-to-month,1,Electronic check,1,No
LOIST80962,0,0,0,F,56.200,Oui,No,ADSL,1093.400,Month-to-month,1,Electronic check,19,No
WAJAA19046,1,0,1,F,64.350,Oui,Yes,ADSL,1558.650,Two year,0,Electronic check,24,No
PHGOX26129,1,0,0,H,76.100,Oui,Yes,ADSL,4818.800,Two year,1,Bank transfer (automatic),64,No
OYMQY85636,0,0,0,H,90.950,Oui,No,Fibre,1612.200,Month-to-month,1,Credit card (automatic),17,No
HIRAQ84555,0,0,0,F,44.450,Oui,No,ADSL,369.300,Month-to-month,0,Mailed check,8,No
QREYC05163,0,1,0,F,20.300,Oui,No,Non,459.950,Month-to-month,1,Mailed check,24,No
JUNGC23716,0,0,0,H,20.250,Oui,No,Non,208.000,Month-to-month,0,Mailed check,11,No
KZXXA89667,1,0,1,H,25.100,Oui,Yes,Non,930.950,Two year,0,Credit card (automatic),36,No
JRTUA28349,0,0,0,H,108.050,Oui,Yes,Fibre,7532.150,Two year,1,Electronic check,71,Yes
FHIVV82955,0,0,0,H,19.400,Oui,No,Non,168.650,Month-to-month,1,Mailed check,7,No
MSDMF85434,0,0,0,H,77.400,Oui,No,ADSL,206.150,Month-to-month,1,Electronic check,3,No
XPJNZ53808,0,0,0,F,20.050,Oui,No,Non,678.200,One year,0,Mailed check,38,No
NUYAO43675,1,0,1,H,25.750,Oui,Yes,Non,,Two year,0,Mailed check,0,No
APLBT93999,1,0,1,F,74.700,Oui,No,Fibre,74.700,Month-to-month,1,Electronic check,1,Yes
XKXPN09027,1,0,1,H,20.200,Oui,No,Non,1376.500,Two year,0,Bank transfer (automatic),69,No
GGUXS29748,1,1,0,F,91.950,Oui,Yes,Fibre,3301.050,Month-to-month,1,Credit card (automatic),36,No
WWLTF62111,1,0,0,H,99.700,Oui,No,Fibre,6330.400,Two year,0,Credit card (automatic),63,No
BEZQB75261,0,0,0,H,96.050,Oui,Yes,Fibre,1148.100,Month-to-month,1,Electronic check,12,Yes
NCPET48046,1,0,1,H,20.200,Oui,No,Non,387.400,Two year,0,Mailed check,19,No
IRIBM46601,1,0,1,H,87.900,Oui,No,Fibre,1500.500,Month-to-month,1,Mailed check,18,No
DGUBX14226,1,0,0,H,79.250,Oui,Yes,Fibre,2619.150,One year,1,Electronic check,32,No
WZRSD08996,0,0,0,H,105.350,Oui,Yes,Fibre,5794.450,Month-to-month,1,Mailed check,56,No
WWDRO80532,1,0,0,F,19.500,Oui,No,Non,146.300,Month-to-month,0,Bank transfer (automatic),6,Yes
DPQHL83142,0,0,0,H,50.800,Non,No phone service,ADSL,463.600,One year,0,Mailed check,9,No
GZPHF36488,1,0,1,H,36.250,Non,No phone service,ADSL,1151.050,One year,1,Mailed check,32,No
KJLTS68476,1,1,0,F,100.400,Oui,Yes,Fibre,5749.800,Month-to-month,1,Bank transfer (automatic),58,No
EIVKO73182,0,0,0,H,59.250,Oui,Yes,ADSL,436.600,Month-to-month,1,Electronic check,8,No
NYQQI31373,1,0,0,H,64.800,Oui,No,ADSL,1175.600,One year,0,Mailed check,17,No
SRSZE93656,1,1,0,H,70.550,Oui,No,Fibre,1943.900,Month-to-month,1,Electronic check,27,No
GZYZC28766,0,0,0,F,85.950,Oui,Yes,Fibre,1215.650,Month-to-month,1,Electronic check,13,No
CZAKF19369,1,0,0,H,49.650,Non,No phone service,ADSL,2409.900,Two year,0,Credit card (automatic),49,No
SLFCJ89087,0,0,0,F,20.850,Oui,No,Non,435.250,Two year,1,Credit card (automatic),21,No
YBWAB37391,1,0,0,H,35.350,Non,No phone service,ADSL,1317.950,One year,0,Mailed check,36,No
SILRA32964,1,1,0,F,76.400,Oui,No,Fibre,76.400,Month-to-month,1,Mailed check,1,Yes
NGSPE82156,1,0,1,F,20.000,Oui,No,Non,833.550,Two year,0,Mailed check,42,No
YHIYU86528,0,0,1,F,79.500,Oui,Yes,Fibre,1264.200,One year,1,Credit card (automatic),16,No
SZZKH63862,1,0,1,F,107.950,Oui,Yes,Fibre,5293.200,Two year,1,Bank transfer (automatic),49,Yes
AXYIK90769,1,1,0,H,102.100,Oui,Yes,Fibre,6538.450,Two year,0,Electronic check,64,No
FSIXX32787,0,0,0,F,45.250,Oui,No,ADSL,74.200,Month-to-month,1,Mailed check,2,No
WHTEF64081,1,0,1,H,89.400,Oui,Yes,ADSL,6376.550,Two year,1,Mailed check,72,No
IGALN60322,0,0,0,F,25.100,Non,No phone service,ADSL,25.100,Month-to-month,1,Mailed check,1,Yes
AOSIH06849,1,0,0,H,95.000,Oui,No,Fibre,95.000,Month-to-month,1,Electronic check,1,Yes
PSMKW59826,1,0,1,F,91.100,Oui,Yes,ADSL,2198.300,Two year,1,Credit card (automatic),23,No
BGWPI80449,1,0,1,H,21.150,Oui,No,Non,306.050,Month-to-month,1,Electronic check,12,No
NWRTR74508,0,1,0,H,99.450,Oui,Yes,Fibre,1200.150,Month-to-month,1,Electronic check,12,Yes
UXVCJ47951,0,0,0,H,19.800,Oui,No,Non,457.300,One year,0,Credit card (automatic),26,No
